   Compiling fhe v0.1.1 (/app/crates/fhe)
    Finished `release` profile [optimized] target(s) in 24.94s
     Running `target/release/examples/mulpir`
# MulPIR with fhe.rs
database of 64.00 MiB
	database_size = 65536
	elements_size = 1024
⏱  Database generation: 72.6 ms
⏱  Parameters generation: 53.1 ms
number_rows = 3277
number_elements_per_plaintext = 20
dimensions = 58 57
dimension = 3306
⏱  Database preprocessing: 7236.2 ms
level = 7
⏱  Client setup: 193.3 ms
📄 Evaluation key (expansion): 1.64 MiB
📄 Relinearization key: 240.07 KiB
⏱  Server setup: 52 ms
⏱  Client query: 4 ms
📄 Query: 120.05 KiB
Expand: 416.65253ms
Expand: 201.628244ms
Expand: 201.177949ms
Expand: 201.173354ms
Expand: 200.193847ms
⏱  Server response: 1323 ms
📄 Response: 120.03 KiB
Noise in response: Ok(39)
⏱  Client answer: 6.2 ms

thread 'main' (11622) panicked at crates/fhe/examples/mulpir.rs:210:5:
assertion `left == right` failed
  left: [248, 156, 0, 0, 0, 0, 0, 0, 0, 0, 0, 0, 0, 0, 0, 0, 0, 0, 0, 0, 0, 0, 0, 0, 0, 0, 0, 0, 0, 0, 0, 0, 0, 0, 0, 0, 0, 0, 0, 0, 0, 0, 0, 0, 0, 0, 0, 0, 0, 0, 0, 0, 0, 0, 0, 0, 0, 0, 0, 0, 0, 0, 0, 0, 0, 0, 0, 0, 0, 0, 0, 0, 0, 0, 0, 0, 0, 0, 0, 0, 0, 0, 0, 0, 0, 0, 0, 0, 0, 0, 0, 0, 0, 0, 0, 0, 0, 0, 0, 0, 0, 0, 0, 0, 0, 0, 0, 0, 0, 0, 0, 0, 0, 0, 0, 0, 0, 0, 0, 0, 0, 0, 0, 0, 0, 0, 0, 0, 0, 0, 0, 0, 0, 0, 0, 0, 0, 0, 0, 0, 0, 0, 0, 0, 0, 0, 0, 0, 0, 0, 0, 0, 0, 0, 0, 0, 0, 0, 0, 0, 0, 0, 0, 0, 0, 0, 0, 0, 0, 0, 0, 0, 0, 0, 0, 0, 0, 0, 0, 0, 0, 0, 0, 0, 0, 0, 0, 0, 0, 0, 0, 0, 0, 0, 0, 0, 0, 0, 0, 0, 0, 0, 0, 0, 0, 0, 0, 0, 0, 0, 0, 0, 0, 0, 0, 0, 0, 0, 0, 0, 0, 0, 0, 0, 0, 0, 0, 0, 0, 0, 0, 0, 0, 0, 0, 0, 0, 0, 0, 0, 0, 0, 0, 0, 0, 0, 0, 0, 0, 0, 0, 0, 0, 0, 0, 0, 0, 0, 0, 0, 0, 0, 0, 0, 0, 0, 0, 0, 0, 0, 0, 0, 0, 0, 0, 0, 0, 0, 0, 0, 0, 0, 0, 0, 0, 0, 0, 0, 0, 0, 0, 0, 0, 0, 0, 0, 0, 0, 0, 0, 0, 0, 0, 0, 0, 0, 0, 0, 0, 0, 0, 0, 0, 0, 0, 0, 0, 0, 0, 0, 0, 0, 0, 0, 0, 0, 0, 0, 0, 0, 0, 0, 0, 0, 0, 0, 0, 0, 0, 0, 0, 0, 0, 0, 0, 0, 0, 0, 0, 0, 0, 0, 0, 0, 0, 0, 0, 0, 0, 0, 0, 0, 0, 0, 0, 0, 0, 0, 0, 0, 0, 0, 0, 0, 0, 0, 0, 0, 0, 0, 0, 0, 0, 0, 0, 0, 0, 0, 0, 0, 0, 0, 0, 0, 0, 0, 0, 0, 0, 0, 0, 0, 0, 0, 0, 0, 0, 0, 0, 0, 0, 0, 0, 0, 0, 0, 0, 0, 0, 0, 0, 0, 0, 0, 0, 0, 0, 0, 0, 0, 0, 0, 0, 0, 0, 0, 0, 0, 0, 0, 0, 0, 0, 0, 0, 0, 0, 0, 0, 0, 0, 0, 0, 0, 0, 0, 0, 0, 0, 0, 0, 0, 0, 0, 0, 0, 0, 0, 0, 0, 0, 0, 0, 0, 0, 0, 0, 0, 0, 0, 0, 0, 0, 0, 0, 0, 0, 0, 0, 0, 0, 0, 0, 0, 0, 0, 0, 0, 0, 0, 0, 0, 0, 0, 0, 0, 0, 0, 0, 0, 0, 0, 0, 0, 0, 0, 0, 0, 0, 0, 0, 0, 0, 0, 0, 0, 0, 0, 0, 0, 0, 0, 0, 0, 0, 0, 0, 0, 0, 0, 0, 0, 0, 0, 0, 0, 0, 0, 0, 0, 0, 0, 0, 0, 0, 0, 0, 0, 0, 0, 0, 0, 0, 0, 0, 0, 0, 0, 0, 0, 0, 0, 0, 0, 0, 0, 0, 0, 0, 0, 0, 0, 0, 0, 0, 0, 0, 0, 0, 0, 0, 0, 0, 0, 0, 0, 0, 0, 0, 0, 0, 0, 0, 0, 0, 0, 0, 0, 0, 0, 0, 0, 0, 0, 0, 0, 0, 0, 0, 0, 0, 0, 0, 0, 0, 0, 0, 0, 0, 0, 0, 0, 0, 0, 0, 0, 0, 0, 0, 0, 0, 0, 0, 0, 0, 0, 0, 0, 0, 0, 0, 0, 0, 0, 0, 0, 0, 0, 0, 0, 0, 0, 0, 0, 0, 0, 0, 0, 0, 0, 0, 0, 0, 0, 0, 0, 0, 0, 0, 0, 0, 0, 0, 0, 0, 0, 0, 0, 0, 0, 0, 0, 0, 0, 0, 0, 0, 0, 0, 0, 0, 0, 0, 0, 0, 0, 0, 0, 0, 0, 0, 0, 0, 0, 0, 0, 0, 0, 0, 0, 0, 0, 0, 0, 0, 0, 0, 0, 0, 0, 0, 0, 0, 0, 0, 0, 0, 0, 0, 0, 0, 0, 0, 0, 0, 0, 0, 0, 0, 0, 0, 0, 0, 0, 0, 0, 0, 0, 0, 0, 0, 0, 0, 0, 0, 0, 0, 0, 0, 0, 0, 0, 0, 0, 0, 0, 0, 0, 0, 0, 0, 0, 0, 0, 0, 0, 0, 0, 0, 0, 0, 0, 0, 0, 0, 0, 0, 0, 0, 0, 0, 0, 0, 0, 0, 0, 0, 0, 0, 0, 0, 0, 0, 0, 0, 0, 0, 0, 0, 0, 0, 0, 0, 0, 0, 0, 0, 0, 0, 0, 0, 0, 0, 0, 0, 0, 0, 0, 0, 0, 0, 0, 0, 0, 0, 0, 0, 0, 0, 0, 0, 0, 0, 0, 0, 0, 0, 0, 0, 0, 0, 0, 0, 0, 0, 0, 0, 0, 0, 0, 0, 0, 0, 0, 0, 0, 0, 0, 0, 0, 0, 0, 0, 0, 0, 0, 0, 0, 0, 0, 0, 0, 0, 0, 0, 0, 0, 0, 0, 0, 0, 0, 0, 0, 0, 0, 0, 0, 0, 0, 0, 0, 0, 0, 0, 0, 0, 0, 0, 0, 0, 0, 0, 0, 0, 0, 0, 0, 0, 0, 0, 0, 0, 0, 0, 0, 0, 0, 0, 0, 0, 0, 0, 0, 0, 0, 0, 0, 0, 0, 0, 0, 0, 0, 0, 0, 0, 0, 0, 0, 0, 0, 0, 0, 0, 0, 0, 0, 0, 0, 0, 0, 0, 0, 0, 0, 0, 0, 0, 0, 0, 0, 0, 0, 0, 0, 0, 0, 0, 0, 0, 0, 0, 0, 0, 0, 0, 0, 0, 0, 0, 0, 0, 0, 0, 0, 0, 0, 0, 0, 0, 0, 0, 0, 0, 0, 0, 0, 0, 0, 0, 0, 0, 0]
 right: [148, 152, 149, 42, 1, 111, 245, 235, 48, 104, 156, 119, 222, 147, 216, 106, 134, 108, 172, 71, 102, 186, 174, 123, 16, 147, 212, 229, 122, 97, 65, 244, 171, 104, 14, 68, 81, 13, 122, 92, 120, 97, 78, 41, 69, 107, 7, 12, 141, 28, 66, 134, 48, 120, 11, 189, 215, 254, 98, 158, 129, 201, 238, 54, 238, 46, 69, 87, 118, 130, 0, 88, 59, 115, 197, 52, 178, 13, 73, 241, 253, 42, 221, 123, 179, 226, 121, 38, 35, 209, 128, 132, 161, 127, 221, 101, 39, 230, 136, 160, 114, 72, 70, 0, 69, 190, 191, 141, 12, 234, 230, 186, 140, 17, 217, 30, 164, 112, 24, 24, 44, 255, 44, 1, 251, 96, 102, 118, 13, 188, 121, 40, 114, 105, 44, 14, 5, 172, 61, 74, 235, 180, 166, 212, 63, 72, 68, 0, 5, 248, 211, 234, 91, 187, 119, 231, 206, 82, 59, 168, 78, 123, 152, 119, 71, 78, 156, 197, 145, 207, 137, 178, 5, 161, 120, 151, 204, 253, 132, 6, 30, 187, 82, 132, 29, 46, 93, 139, 237, 93, 142, 82, 214, 225, 183, 77, 245, 3, 1, 10, 253, 227, 26, 187, 109, 7, 157, 10, 234, 163, 52, 150, 147, 132, 118, 158, 42, 141, 162, 59, 157, 162, 8, 112, 197, 207, 108, 61, 164, 21, 210, 224, 239, 152, 138, 200, 145, 170, 162, 236, 180, 185, 74, 209, 131, 226, 108, 231, 97, 49, 125, 3, 100, 235, 121, 157, 147, 141, 56, 160, 244, 188, 1, 28, 50, 169, 211, 40, 105, 255, 212, 235, 223, 243, 19, 148, 141, 10, 152, 142, 177, 226, 77, 17, 76, 245, 227, 174, 43, 25, 11, 105, 135, 249, 228, 68, 233, 63, 66, 98, 50, 168, 97, 128, 131, 88, 163, 235, 217, 129, 10, 128, 175, 97, 152, 233, 247, 219, 128, 238, 187, 139, 160, 250, 0, 193, 25, 129, 63, 222, 252, 158, 16, 159, 135, 131, 193, 229, 153, 106, 53, 69, 25, 201, 253, 156, 121, 141, 28, 78, 151, 20, 56, 151, 224, 51, 137, 148, 196, 201, 122, 158, 203, 83, 159, 138, 26, 53, 205, 249, 8, 197, 73, 205, 76, 230, 86, 142, 133, 160, 132, 12, 52, 147, 105, 128, 72, 97, 119, 194, 57, 236, 212, 9, 118, 148, 244, 154, 3, 188, 59, 90, 213, 38, 40, 157, 0, 38, 158, 30, 94, 158, 24, 25, 20, 249, 214, 172, 1, 244, 245, 74, 79, 158, 28, 190, 21, 50, 118, 80, 146, 43, 10, 174, 216, 127, 186, 22, 146, 208, 28, 179, 194, 153, 162, 244, 138, 80, 196, 14, 99, 39, 160, 52, 229, 124, 44, 66, 40, 135, 80, 38, 73, 97, 230, 252, 187, 198, 146, 17, 97, 88, 152, 27, 235, 186, 201, 193, 10, 227, 46, 168, 232, 204, 48, 29, 94, 229, 55, 41, 156, 117, 238, 175, 20, 120, 103, 118, 137, 245, 231, 129, 186, 108, 199, 245, 246, 251, 162, 48, 24, 90, 30, 100, 46, 172, 55, 38, 35, 130, 70, 55, 205, 91, 40, 217, 195, 212, 122, 113, 42, 169, 63, 195, 145, 205, 183, 4, 1, 184, 110, 60, 81, 95, 73, 131, 107, 146, 109, 21, 168, 229, 19, 122, 181, 124, 142, 181, 156, 176, 121, 168, 70, 54, 25, 189, 11, 185, 13, 81, 34, 226, 143, 22, 32, 16, 208, 5, 34, 159, 61, 91, 228, 59, 134, 176, 68, 182, 74, 177, 48, 40, 91, 86, 107, 55, 64, 137, 163, 63, 18, 34, 115, 26, 136, 146, 107, 241, 0, 87, 51, 197, 181, 83, 182, 163, 55, 247, 147, 131, 119, 120, 79, 157, 49, 46, 51, 251, 64, 116, 245, 136, 92, 177, 171, 70, 252, 21, 9, 187, 247, 8, 88, 231, 104, 233, 124, 81, 132, 126, 62, 52, 186, 26, 108, 244, 24, 194, 168, 142, 143, 187, 51, 0, 38, 246, 195, 190, 26, 160, 139, 216, 65, 175, 225, 192, 59, 233, 50, 92, 93, 74, 47, 187, 116, 25, 203, 83, 124, 3, 91, 167, 61, 0, 34, 79, 103, 8, 99, 171, 76, 241, 222, 146, 150, 186, 128, 95, 178, 190, 142, 79, 45, 104, 208, 203, 20, 73, 172, 117, 178, 222, 46, 252, 245, 87, 5, 87, 150, 53, 22, 32, 198, 173, 110, 198, 212, 225, 209, 42, 213, 101, 79, 171, 185, 52, 103, 109, 178, 3, 97, 92, 197, 24, 187, 91, 64, 210, 115, 247, 218, 8, 250, 59, 147, 226, 137, 5, 27, 164, 186, 13, 92, 110, 249, 20, 58, 132, 213, 8, 105, 35, 135, 168, 89, 11, 38, 161, 209, 139, 225, 224, 117, 138, 42, 69, 222, 119, 177, 28, 35, 103, 254, 57, 130, 108, 149, 125, 234, 32, 128, 231, 172, 12, 31, 30, 248, 180, 52, 9, 209, 215, 136, 85, 226, 11, 14, 255, 166, 213, 162, 133, 8, 48, 208, 205, 236, 140, 234, 55, 69, 28, 217, 62, 205, 146, 85, 151, 23, 149, 124, 165, 166, 131, 48, 254, 163, 65, 246, 239, 143, 79, 92, 148, 254, 143, 102, 124, 62, 17, 92, 10, 164, 244, 88, 166, 106, 14, 163, 122, 244, 139, 155, 32, 50, 24, 202, 15, 162, 19, 33, 186, 83, 70, 138, 220, 34, 8, 37, 109, 72, 102, 249, 172, 211, 202, 47, 75, 116, 180, 125, 31, 181, 190, 190, 219, 77, 122, 70, 231, 228, 12, 11, 239, 193, 59, 55, 182, 18, 190, 119, 30, 210, 67, 45, 109, 235, 213, 113, 181, 49, 91, 60, 57, 56, 181, 151, 105, 54, 108, 146, 209, 154, 194, 211, 62, 7, 137, 179, 143, 249, 100, 215, 81, 121, 153, 152, 209, 169, 112, 16, 24, 38, 15, 35, 6, 20, 169, 15, 246, 118, 58, 227, 225, 235, 166, 199, 74, 91, 33, 206, 222, 20, 159, 127, 130, 100, 214, 253, 20, 94, 125, 198, 69, 30, 40, 26, 35, 166, 201, 245, 208, 68, 51, 178, 229, 89, 12, 123, 174, 152, 116, 20, 251]
note: run with `RUST_BACKTRACE=1` environment variable to display a backtrace
