   Compiling fhe v0.1.1 (/app/crates/fhe)
    Finished `release` profile [optimized] target(s) in 19.84s
     Running `target/release/examples/mulpir`
# MulPIR with fhe.rs
database of 64.00 MiB
	database_size = 65536
	elements_size = 1024
⏱  Database generation: 89.2 ms
⏱  Parameters generation: 38.7 ms
number_rows = 4096
number_elements_per_plaintext = 16
dimensions = 64 64
dimension = 4096
⏱  Database preprocessing: 8444.3 ms
level = 7
⏱  Client setup: 191.5 ms
📄 Evaluation key (expansion): 1.70 MiB
📄 Relinearization key: 248.07 KiB
⏱  Server setup: 51.7 ms
⏱  Client query: 4.1 ms
📄 Query: 124.05 KiB
Expand: 438.179454ms
Expand: 206.278741ms
Expand: 203.364992ms
Expand: 204.083721ms
Expand: 202.927075ms
⏱  Server response: 1522.7 ms
📄 Response: 124.03 KiB
Noise in response: Ok(45)
⏱  Client answer: 6 ms

thread 'main' (12062) panicked at crates/fhe/examples/mulpir.rs:210:5:
assertion `left == right` failed
  left: [80, 61, 0, 0, 0, 0, 0, 0, 0, 0, 0, 0, 0, 0, 0, 0, 0, 0, 0, 0, 0, 0, 0, 0, 0, 0, 0, 0, 0, 0, 0, 0, 0, 0, 0, 0, 0, 0, 0, 0, 0, 0, 0, 0, 0, 0, 0, 0, 0, 0, 0, 0, 0, 0, 0, 0, 0, 0, 0, 0, 0, 0, 0, 0, 0, 0, 0, 0, 0, 0, 0, 0, 0, 0, 0, 0, 0, 0, 0, 0, 0, 0, 0, 0, 0, 0, 0, 0, 0, 0, 0, 0, 0, 0, 0, 0, 0, 0, 0, 0, 0, 0, 0, 0, 0, 0, 0, 0, 0, 0, 0, 0, 0, 0, 0, 0, 0, 0, 0, 0, 0, 0, 0, 0, 0, 0, 0, 0, 0, 0, 0, 0, 0, 0, 0, 0, 0, 0, 0, 0, 0, 0, 0, 0, 0, 0, 0, 0, 0, 0, 0, 0, 0, 0, 0, 0, 0, 0, 0, 0, 0, 0, 0, 0, 0, 0, 0, 0, 0, 0, 0, 0, 0, 0, 0, 0, 0, 0, 0, 0, 0, 0, 0, 0, 0, 0, 0, 0, 0, 0, 0, 0, 0, 0, 0, 0, 0, 0, 0, 0, 0, 0, 0, 0, 0, 0, 0, 0, 0, 0, 0, 0, 0, 0, 0, 0, 0, 0, 0, 0, 0, 0, 0, 0, 0, 0, 0, 0, 0, 0, 0, 0, 0, 0, 0, 0, 0, 0, 0, 0, 0, 0, 0, 0, 0, 0, 0, 0, 0, 0, 0, 0, 0, 0, 0, 0, 0, 0, 0, 0, 0, 0, 0, 0, 0, 0, 0, 0, 0, 0, 0, 0, 0, 0, 0, 0, 0, 0, 0, 0, 0, 0, 0, 0, 0, 0, 0, 0, 0, 0, 0, 0, 0, 0, 0, 0, 0, 0, 0, 0, 0, 0, 0, 0, 0, 0, 0, 0, 0, 0, 0, 0, 0, 0, 0, 0, 0, 0, 0, 0, 0, 0, 0, 0, 0, 0, 0, 0, 0, 0, 0, 0, 0, 0, 0, 0, 0, 0, 0, 0, 0, 0, 0, 0, 0, 0, 0, 0, 0, 0, 0, 0, 0, 0, 0, 0, 0, 0, 0, 0, 0, 0, 0, 0, 0, 0, 0, 0, 0, 0, 0, 0, 0, 0, 0, 0, 0, 0, 0, 0, 0, 0, 0, 0, 0, 0, 0, 0, 0, 0, 0, 0, 0, 0, 0, 0, 0, 0, 0, 0, 0, 0, 0, 0, 0, 0, 0, 0, 0, 0, 0, 0, 0, 0, 0, 0, 0, 0, 0, 0, 0, 0, 0, 0, 0, 0, 0, 0, 0, 0, 0, 0, 0, 0, 0, 0, 0, 0, 0, 0, 0, 0, 0, 0, 0, 0, 0, 0, 0, 0, 0, 0, 0, 0, 0, 0, 0, 0, 0, 0, 0, 0, 0, 0, 0, 0, 0, 0, 0, 0, 0, 0, 0, 0, 0, 0, 0, 0, 0, 0, 0, 0, 0, 0, 0, 0, 0, 0, 0, 0, 0, 0, 0, 0, 0, 0, 0, 0, 0, 0, 0, 0, 0, 0, 0, 0, 0, 0, 0, 0, 0, 0, 0, 0, 0, 0, 0, 0, 0, 0, 0, 0, 0, 0, 0, 0, 0, 0, 0, 0, 0, 0, 0, 0, 0, 0, 0, 0, 0, 0, 0, 0, 0, 0, 0, 0, 0, 0, 0, 0, 0, 0, 0, 0, 0, 0, 0, 0, 0, 0, 0, 0, 0, 0, 0, 0, 0, 0, 0, 0, 0, 0, 0, 0, 0, 0, 0, 0, 0, 0, 0, 0, 0, 0, 0, 0, 0, 0, 0, 0, 0, 0, 0, 0, 0, 0, 0, 0, 0, 0, 0, 0, 0, 0, 0, 0, 0, 0, 0, 0, 0, 0, 0, 0, 0, 0, 0, 0, 0, 0, 0, 0, 0, 0, 0, 0, 0, 0, 0, 0, 0, 0, 0, 0, 0, 0, 0, 0, 0, 0, 0, 0, 0, 0, 0, 0, 0, 0, 0, 0, 0, 0, 0, 0, 0, 0, 0, 0, 0, 0, 0, 0, 0, 0, 0, 0, 0, 0, 0, 0, 0, 0, 0, 0, 0, 0, 0, 0, 0, 0, 0, 0, 0, 0, 0, 0, 0, 0, 0, 0, 0, 0, 0, 0, 0, 0, 0, 0, 0, 0, 0, 0, 0, 0, 0, 0, 0, 0, 0, 0, 0, 0, 0, 0, 0, 0, 0, 0, 0, 0, 0, 0, 0, 0, 0, 0, 0, 0, 0, 0, 0, 0, 0, 0, 0, 0, 0, 0, 0, 0, 0, 0, 0, 0, 0, 0, 0, 0, 0, 0, 0, 0, 0, 0, 0, 0, 0, 0, 0, 0, 0, 0, 0, 0, 0, 0, 0, 0, 0, 0, 0, 0, 0, 0, 0, 0, 0, 0, 0, 0, 0, 0, 0, 0, 0, 0, 0, 0, 0, 0, 0, 0, 0, 0, 0, 0, 0, 0, 0, 0, 0, 0, 0, 0, 0, 0, 0, 0, 0, 0, 0, 0, 0, 0, 0, 0, 0, 0, 0, 0, 0, 0, 0, 0, 0, 0, 0, 0, 0, 0, 0, 0, 0, 0, 0, 0, 0, 0, 0, 0, 0, 0, 0, 0, 0, 0, 0, 0, 0, 0, 0, 0, 0, 0, 0, 0, 0, 0, 0, 0, 0, 0, 0, 0, 0, 0, 0, 0, 0, 0, 0, 0, 0, 0, 0, 0, 0, 0, 0, 0, 0, 0, 0, 0, 0, 0, 0, 0, 0, 0, 0, 0, 0, 0, 0, 0, 0, 0, 0, 0, 0, 0, 0, 0, 0, 0, 0, 0, 0, 0, 0, 0, 0, 0, 0, 0, 0, 0, 0, 0, 0, 0, 0, 0, 0, 0, 0, 0, 0, 0, 0, 0, 0, 0, 0, 0, 0, 0, 0, 0, 0, 0, 0, 0, 0, 0, 0, 0, 0, 0, 0, 0, 0, 0, 0, 0, 0, 0, 0, 0, 0, 0, 0, 0, 0, 0, 0, 0, 0, 0, 0, 0, 0, 0, 0, 0, 0, 0, 0, 0, 0, 0, 0, 0, 0, 0, 0, 0, 0, 0, 0, 0, 0, 0, 0, 0, 0, 0, 0, 0, 0, 0, 0, 0, 0, 0, 0, 0, 0, 0, 0, 0, 0, 0, 0, 0, 0, 0, 0, 0, 0, 0, 0, 0]
 right: [99, 81, 160, 86, 25, 224, 181, 187, 235, 95, 127, 92, 158, 239, 44, 19, 33, 204, 215, 134, 131, 9, 184, 30, 77, 251, 111, 250, 4, 34, 94, 65, 130, 247, 28, 163, 230, 5, 182, 200, 195, 240, 151, 176, 153, 128, 12, 45, 167, 100, 120, 246, 244, 204, 64, 197, 33, 213, 4, 235, 80, 151, 167, 109, 170, 22, 98, 199, 114, 201, 138, 190, 217, 5, 215, 54, 200, 183, 189, 206, 81, 25, 87, 69, 56, 205, 151, 10, 240, 41, 205, 108, 65, 173, 85, 19, 217, 151, 23, 232, 241, 158, 124, 248, 61, 69, 14, 180, 19, 202, 23, 97, 29, 164, 12, 137, 164, 230, 23, 70, 10, 1, 122, 107, 244, 20, 230, 182, 251, 182, 185, 193, 185, 209, 5, 121, 250, 208, 241, 63, 246, 42, 34, 0, 18, 26, 185, 26, 90, 10, 167, 236, 171, 152, 47, 69, 152, 244, 109, 59, 160, 174, 84, 189, 223, 218, 0, 127, 80, 106, 58, 26, 245, 47, 160, 84, 4, 19, 0, 19, 54, 239, 62, 221, 240, 70, 57, 106, 96, 88, 189, 126, 115, 48, 179, 153, 53, 134, 216, 134, 157, 76, 252, 195, 247, 191, 60, 84, 168, 110, 91, 204, 168, 240, 187, 32, 147, 30, 142, 228, 148, 245, 251, 73, 94, 65, 165, 32, 139, 206, 87, 53, 51, 134, 29, 212, 190, 20, 82, 236, 96, 93, 226, 208, 232, 152, 78, 210, 168, 211, 91, 108, 175, 116, 15, 112, 121, 141, 207, 6, 129, 17, 54, 151, 39, 111, 229, 21, 246, 43, 142, 16, 224, 96, 213, 254, 219, 75, 224, 67, 36, 196, 213, 251, 63, 27, 241, 24, 192, 163, 123, 156, 255, 80, 158, 155, 177, 55, 139, 23, 171, 201, 174, 28, 135, 31, 30, 110, 151, 13, 39, 190, 251, 237, 37, 46, 120, 23, 170, 66, 40, 153, 208, 33, 251, 139, 236, 202, 141, 66, 132, 143, 209, 182, 218, 49, 140, 119, 167, 72, 241, 34, 72, 104, 155, 95, 66, 68, 148, 153, 105, 74, 176, 208, 161, 110, 59, 244, 201, 215, 213, 2, 50, 176, 50, 165, 90, 255, 98, 217, 52, 57, 1, 20, 141, 213, 136, 17, 206, 179, 141, 27, 181, 82, 109, 170, 47, 102, 171, 90, 233, 240, 125, 194, 238, 158, 247, 234, 67, 61, 4, 26, 59, 35, 156, 88, 192, 156, 207, 147, 116, 92, 245, 132, 21, 179, 148, 138, 88, 57, 192, 191, 163, 223, 203, 114, 255, 189, 94, 104, 170, 68, 235, 81, 13, 21, 143, 236, 223, 23, 45, 71, 224, 90, 200, 102, 208, 60, 66, 121, 53, 134, 200, 241, 229, 55, 240, 232, 71, 108, 38, 220, 224, 252, 17, 251, 101, 181, 84, 50, 224, 120, 145, 111, 133, 1, 184, 146, 224, 58, 253, 242, 3, 41, 127, 77, 149, 14, 61, 103, 100, 231, 176, 143, 79, 220, 184, 157, 203, 21, 61, 170, 32, 251, 255, 191, 40, 21, 225, 28, 15, 74, 193, 246, 53, 127, 34, 107, 113, 117, 48, 164, 164, 140, 126, 242, 69, 237, 149, 206, 189, 57, 6, 148, 160, 41, 32, 171, 127, 57, 43, 223, 224, 165, 219, 176, 203, 26, 228, 1, 55, 186, 100, 155, 180, 101, 246, 93, 12, 171, 205, 144, 105, 27, 189, 94, 24, 196, 250, 181, 16, 74, 84, 97, 106, 220, 84, 239, 98, 162, 251, 61, 253, 72, 80, 150, 210, 209, 108, 117, 30, 193, 101, 245, 83, 11, 12, 35, 231, 155, 197, 173, 183, 24, 33, 123, 42, 25, 237, 229, 117, 68, 222, 150, 130, 149, 43, 236, 215, 1, 62, 235, 241, 149, 121, 40, 233, 96, 157, 30, 18, 28, 83, 201, 142, 120, 103, 22, 18, 165, 20, 126, 58, 15, 154, 78, 140, 12, 236, 119, 202, 214, 245, 255, 30, 1, 1, 149, 220, 209, 169, 251, 191, 73, 47, 5, 172, 40, 80, 9, 2, 48, 82, 126, 253, 162, 247, 42, 251, 81, 171, 175, 9, 185, 150, 47, 121, 117, 11, 116, 173, 131, 176, 202, 94, 136, 105, 151, 16, 163, 174, 130, 167, 133, 130, 23, 136, 190, 46, 149, 10, 165, 102, 200, 147, 73, 68, 19, 13, 145, 77, 83, 122, 22, 139, 29, 119, 139, 53, 127, 118, 113, 218, 232, 244, 144, 152, 211, 69, 154, 111, 94, 189, 65, 98, 28, 91, 80, 118, 102, 80, 210, 174, 70, 86, 108, 209, 151, 228, 225, 59, 222, 154, 40, 57, 34, 170, 110, 64, 40, 128, 43, 54, 19, 196, 82, 170, 158, 36, 205, 156, 196, 150, 230, 87, 128, 77, 160, 111, 217, 95, 37, 207, 122, 2, 183, 143, 176, 215, 141, 202, 77, 234, 207, 5, 18, 107, 121, 200, 224, 207, 2, 103, 12, 110, 250, 212, 100, 176, 152, 160, 42, 6, 13, 182, 149, 166, 78, 247, 69, 147, 91, 229, 239, 88, 191, 28, 19, 53, 148, 193, 8, 37, 129, 211, 46, 116, 243, 8, 211, 17, 111, 101, 190, 44, 6, 100, 6, 215, 12, 19, 25, 106, 113, 153, 236, 134, 189, 212, 29, 138, 98, 106, 12, 223, 47, 172, 207, 163, 31, 145, 15, 149, 247, 31, 167, 153, 170, 77, 200, 96, 138, 108, 165, 149, 153, 126, 48, 114, 220, 184, 103, 247, 44, 22, 17, 151, 55, 218, 35, 115, 58, 157, 159, 155, 78, 244, 175, 117, 37, 221, 224, 244, 122, 13, 141, 64, 56, 181, 129, 114, 83, 201, 123, 35, 129, 7, 81, 82, 135, 177, 41, 201, 175, 171, 230, 230, 211, 100, 114, 37, 35, 148, 93, 32, 57, 80, 224, 67, 150, 145, 202, 210, 99, 141, 150, 101, 65, 99, 56, 110, 163, 15, 81, 19, 115, 8, 241, 185, 242, 212, 93, 130, 48, 79, 67, 205, 102, 95, 84, 220, 83, 209, 6, 88, 57, 254, 255, 254, 42, 48, 59, 22, 144, 23, 29, 56, 200, 250, 178, 156, 65, 140, 106, 205, 221, 157, 174, 92, 167, 244, 98, 63, 146]
note: run with `RUST_BACKTRACE=1` environment variable to display a backtrace
