   Compiling fhe v0.1.1 (/app/crates/fhe)
    Finished `release` profile [optimized] target(s) in 19.41s
     Running `target/release/examples/mulpir`
# MulPIR with fhe.rs
database of 64.00 MiB
	database_size = 65536
	elements_size = 1024
⏱  Database generation: 57.3 ms
⏱  Parameters generation: 43.5 ms
number_rows = 6554
number_elements_per_plaintext = 10
dimensions = 81 81
dimension = 6561
⏱  Database preprocessing: 3703.6 ms
level = 8
⏱  Client setup: 134.6 ms
📄 Evaluation key (expansion): 872.60 KiB
📄 Relinearization key: 36.06 KiB
⏱  Server setup: 37.7 ms
⏱  Client query: 1.9 ms
📄 Query: 36.05 KiB
Expand: 842.939281ms
Expand: 679.029641ms
Expand: 678.611931ms
Expand: 679.600435ms
Expand: 697.009469ms
⏱  Server response: 1144.3 ms
📄 Response: 36.03 KiB
Noise in response: Ok(15)
⏱  Client answer: 2.8 ms

thread 'main' (9216) panicked at crates/fhe/examples/mulpir.rs:213:5:
assertion `left == right` failed
  left: [109, 160, 0, 0, 0, 0, 0, 0, 0, 0, 0, 0, 0, 0, 0, 0, 0, 0, 0, 0, 0, 0, 0, 0, 0, 0, 0, 0, 0, 0, 0, 0, 0, 0, 0, 0, 0, 0, 0, 0, 0, 0, 0, 0, 0, 0, 0, 0, 0, 0, 0, 0, 0, 0, 0, 0, 0, 0, 0, 0, 0, 0, 0, 0, 0, 0, 0, 0, 0, 0, 0, 0, 0, 0, 0, 0, 0, 0, 0, 0, 0, 0, 0, 0, 0, 0, 0, 0, 0, 0, 0, 0, 0, 0, 0, 0, 0, 0, 0, 0, 0, 0, 0, 0, 0, 0, 0, 0, 0, 0, 0, 0, 0, 0, 0, 0, 0, 0, 0, 0, 0, 0, 0, 0, 0, 0, 0, 0, 0, 0, 0, 0, 0, 0, 0, 0, 0, 0, 0, 0, 0, 0, 0, 0, 0, 0, 0, 0, 0, 0, 0, 0, 0, 0, 0, 0, 0, 0, 0, 0, 0, 0, 0, 0, 0, 0, 0, 0, 0, 0, 0, 0, 0, 0, 0, 0, 0, 0, 0, 0, 0, 0, 0, 0, 0, 0, 0, 0, 0, 0, 0, 0, 0, 0, 0, 0, 0, 0, 0, 0, 0, 0, 0, 0, 0, 0, 0, 0, 0, 0, 0, 0, 0, 0, 0, 0, 0, 0, 0, 0, 0, 0, 0, 0, 0, 0, 0, 0, 0, 0, 0, 0, 0, 0, 0, 0, 0, 0, 0, 0, 0, 0, 0, 0, 0, 0, 0, 0, 0, 0, 0, 0, 0, 0, 0, 0, 0, 0, 0, 0, 0, 0, 0, 0, 0, 0, 0, 0, 0, 0, 0, 0, 0, 0, 0, 0, 0, 0, 0, 0, 0, 0, 0, 0, 0, 0, 0, 0, 0, 0, 0, 0, 0, 0, 0, 0, 0, 0, 0, 0, 0, 0, 0, 0, 0, 0, 0, 0, 0, 0, 0, 0, 0, 0, 0, 0, 0, 0, 0, 0, 0, 0, 0, 0, 0, 0, 0, 0, 0, 0, 0, 0, 0, 0, 0, 0, 0, 0, 0, 0, 0, 0, 0, 0, 0, 0, 0, 0, 0, 0, 0, 0, 0, 0, 0, 0, 0, 0, 0, 0, 0, 0, 0, 0, 0, 0, 0, 0, 0, 0, 0, 0, 0, 0, 0, 0, 0, 0, 0, 0, 0, 0, 0, 0, 0, 0, 0, 0, 0, 0, 0, 0, 0, 0, 0, 0, 0, 0, 0, 0, 0, 0, 0, 0, 0, 0, 0, 0, 0, 0, 0, 0, 0, 0, 0, 0, 0, 0, 0, 0, 0, 0, 0, 0, 0, 0, 0, 0, 0, 0, 0, 0, 0, 0, 0, 0, 0, 0, 0, 0, 0, 0, 0, 0, 0, 0, 0, 0, 0, 0, 0, 0, 0, 0, 0, 0, 0, 0, 0, 0, 0, 0, 0, 0, 0, 0, 0, 0, 0, 0, 0, 0, 0, 0, 0, 0, 0, 0, 0, 0, 0, 0, 0, 0, 0, 0, 0, 0, 0, 0, 0, 0, 0, 0, 0, 0, 0, 0, 0, 0, 0, 0, 0, 0, 0, 0, 0, 0, 0, 0, 0, 0, 0, 0, 0, 0, 0, 0, 0, 0, 0, 0, 0, 0, 0, 0, 0, 0, 0, 0, 0, 0, 0, 0, 0, 0, 0, 0, 0, 0, 0, 0, 0, 0, 0, 0, 0, 0, 0, 0, 0, 0, 0, 0, 0, 0, 0, 0, 0, 0, 0, 0, 0, 0, 0, 0, 0, 0, 0, 0, 0, 0, 0, 0, 0, 0, 0, 0, 0, 0, 0, 0, 0, 0, 0, 0, 0, 0, 0, 0, 0, 0, 0, 0, 0, 0, 0, 0, 0, 0, 0, 0, 0, 0, 0, 0, 0, 0, 0, 0, 0, 0, 0, 0, 0, 0, 0, 0, 0, 0, 0, 0, 0, 0, 0, 0, 0, 0, 0, 0, 0, 0, 0, 0, 0, 0, 0, 0, 0, 0, 0, 0, 0, 0, 0, 0, 0, 0, 0, 0, 0, 0, 0, 0, 0, 0, 0, 0, 0, 0, 0, 0, 0, 0, 0, 0, 0, 0, 0, 0, 0, 0, 0, 0, 0, 0, 0, 0, 0, 0, 0, 0, 0, 0, 0, 0, 0, 0, 0, 0, 0, 0, 0, 0, 0, 0, 0, 0, 0, 0, 0, 0, 0, 0, 0, 0, 0, 0, 0, 0, 0, 0, 0, 0, 0, 0, 0, 0, 0, 0, 0, 0, 0, 0, 0, 0, 0, 0, 0, 0, 0, 0, 0, 0, 0, 0, 0, 0, 0, 0, 0, 0, 0, 0, 0, 0, 0, 0, 0, 0, 0, 0, 0, 0, 0, 0, 0, 0, 0, 0, 0, 0, 0, 0, 0, 0, 0, 0, 0, 0, 0, 0, 0, 0, 0, 0, 0, 0, 0, 0, 0, 0, 0, 0, 0, 0, 0, 0, 0, 0, 0, 0, 0, 0, 0, 0, 0, 0, 0, 0, 0, 0, 0, 0, 0, 0, 0, 0, 0, 0, 0, 0, 0, 0, 0, 0, 0, 0, 0, 0, 0, 0, 0, 0, 0, 0, 0, 0, 0, 0, 0, 0, 0, 0, 0, 0, 0, 0, 0, 0, 0, 0, 0, 0, 0, 0, 0, 0, 0, 0, 0, 0, 0, 0, 0, 0, 0, 0, 0, 0, 0, 0, 0, 0, 0, 0, 0, 0, 0, 0, 0, 0, 0, 0, 0, 0, 0, 0, 0, 0, 0, 0, 0, 0, 0, 0, 0, 0, 0, 0, 0, 0, 0, 0, 0, 0, 0, 0, 0, 0, 0, 0, 0, 0, 0, 0, 0, 0, 0, 0, 0, 0, 0, 0, 0, 0, 0, 0, 0, 0, 0, 0, 0, 0, 0, 0, 0, 0, 0, 0, 0, 0, 0, 0, 0, 0, 0, 0, 0, 0, 0, 0, 0, 0, 0, 0, 0, 0, 0, 0, 0, 0, 0, 0, 0, 0, 0, 0, 0, 0, 0, 0, 0, 0, 0, 0, 0, 0, 0, 0, 0, 0, 0, 0, 0, 0, 0, 0, 0, 0, 0, 0, 0, 0, 0, 0, 0, 0, 0, 0, 0, 0, 0, 0, 0, 0, 0, 0, 0, 0, 0, 0, 0, 0, 0, 0, 0, 0, 0, 0, 0, 0, 0, 0, 0, 0, 0, 0, 0, 0, 0, 0, 0, 0]
 right: [49, 114, 115, 24, 92, 70, 206, 135, 188, 11, 123, 23, 135, 96, 107, 65, 20, 174, 95, 59, 241, 225, 208, 106, 85, 95, 103, 244, 86, 45, 63, 78, 45, 252, 75, 59, 248, 166, 175, 222, 88, 150, 140, 146, 93, 115, 30, 23, 141, 2, 137, 198, 28, 173, 239, 244, 249, 149, 73, 126, 197, 244, 59, 81, 174, 30, 234, 214, 31, 247, 124, 244, 227, 42, 246, 177, 36, 65, 44, 203, 228, 68, 123, 69, 141, 209, 228, 151, 231, 179, 15, 235, 135, 213, 203, 209, 64, 160, 199, 218, 8, 78, 162, 68, 184, 77, 149, 196, 200, 195, 202, 115, 37, 24, 107, 22, 236, 175, 76, 165, 210, 254, 40, 50, 95, 118, 74, 39, 245, 32, 253, 99, 217, 196, 243, 51, 68, 122, 68, 79, 130, 86, 1, 49, 128, 125, 241, 214, 153, 10, 140, 180, 160, 25, 183, 53, 193, 116, 42, 85, 141, 161, 116, 67, 103, 22, 213, 67, 146, 81, 51, 216, 6, 238, 103, 119, 25, 180, 0, 150, 96, 247, 42, 175, 244, 123, 233, 99, 78, 88, 69, 103, 162, 87, 245, 121, 167, 69, 60, 131, 238, 209, 73, 69, 125, 30, 194, 237, 75, 123, 26, 196, 150, 5, 76, 160, 91, 3, 68, 22, 22, 135, 212, 149, 245, 68, 124, 244, 75, 193, 167, 133, 29, 210, 60, 42, 185, 38, 141, 83, 253, 41, 159, 198, 129, 173, 10, 153, 37, 130, 59, 174, 214, 174, 66, 127, 150, 60, 134, 239, 23, 100, 103, 79, 139, 246, 136, 117, 174, 5, 215, 103, 231, 5, 50, 219, 202, 155, 155, 159, 254, 193, 189, 87, 11, 5, 101, 14, 88, 71, 47, 18, 151, 210, 132, 71, 9, 186, 171, 61, 48, 105, 83, 47, 106, 121, 61, 71, 164, 37, 10, 43, 251, 1, 61, 69, 210, 213, 36, 84, 157, 215, 21, 30, 249, 243, 56, 108, 42, 21, 184, 77, 210, 171, 147, 43, 182, 238, 175, 149, 50, 160, 142, 154, 115, 166, 73, 224, 58, 230, 53, 99, 201, 196, 25, 42, 6, 125, 87, 201, 147, 40, 126, 139, 238, 78, 176, 57, 188, 169, 10, 123, 36, 149, 250, 152, 54, 185, 151, 31, 25, 190, 58, 255, 15, 207, 113, 22, 60, 15, 214, 239, 29, 96, 203, 77, 123, 47, 123, 121, 187, 0, 160, 55, 32, 111, 132, 59, 7, 219, 88, 105, 44, 53, 252, 105, 150, 117, 14, 134, 67, 109, 155, 94, 187, 37, 66, 158, 140, 164, 3, 134, 250, 225, 68, 230, 241, 253, 221, 230, 211, 70, 113, 224, 151, 227, 242, 129, 90, 33, 25, 122, 219, 31, 161, 160, 39, 10, 82, 239, 55, 47, 148, 164, 29, 246, 214, 33, 121, 31, 205, 144, 95, 66, 216, 51, 186, 95, 72, 181, 11, 6, 164, 83, 128, 155, 245, 219, 133, 72, 167, 71, 237, 150, 20, 45, 43, 219, 8, 9, 170, 56, 159, 23, 167, 133, 229, 227, 121, 75, 37, 251, 251, 79, 30, 228, 181, 206, 84, 107, 221, 215, 115, 79, 17, 74, 223, 252, 226, 75, 128, 244, 163, 150, 3, 144, 156, 166, 66, 0, 155, 249, 66, 127, 157, 117, 225, 17, 171, 172, 123, 185, 48, 102, 156, 192, 118, 236, 191, 248, 105, 78, 1, 158, 167, 124, 44, 71, 124, 77, 228, 49, 37, 192, 125, 79, 177, 90, 106, 104, 169, 229, 69, 182, 32, 69, 40, 70, 84, 251, 195, 150, 178, 120, 252, 126, 54, 26, 85, 95, 187, 234, 3, 90, 246, 8, 165, 99, 127, 184, 52, 255, 179, 143, 124, 228, 232, 116, 23, 24, 254, 54, 252, 30, 194, 169, 146, 25, 19, 250, 33, 181, 26, 116, 215, 244, 88, 126, 129, 134, 143, 114, 247, 168, 63, 66, 208, 172, 70, 244, 193, 22, 79, 211, 147, 12, 183, 34, 40, 40, 198, 9, 74, 212, 144, 174, 192, 119, 139, 232, 132, 253, 169, 54, 42, 132, 153, 199, 161, 59, 68, 45, 190, 240, 202, 222, 179, 46, 79, 231, 76, 111, 113, 223, 40, 14, 14, 217, 98, 74, 37, 140, 121, 49, 128, 191, 153, 195, 188, 97, 44, 6, 8, 98, 99, 219, 113, 166, 184, 251, 213, 82, 235, 82, 38, 104, 43, 163, 208, 243, 139, 106, 32, 4, 58, 254, 180, 27, 104, 176, 117, 130, 106, 191, 94, 144, 98, 217, 49, 235, 158, 161, 144, 125, 3, 105, 213, 17, 76, 207, 234, 47, 40, 53, 158, 199, 34, 211, 46, 169, 171, 179, 115, 153, 52, 249, 48, 122, 135, 231, 137, 80, 41, 242, 221, 201, 116, 198, 97, 226, 118, 199, 129, 15, 238, 228, 122, 187, 21, 136, 234, 177, 165, 232, 170, 229, 224, 227, 46, 75, 82, 34, 189, 63, 222, 38, 16, 205, 112, 229, 74, 19, 249, 97, 119, 161, 5, 252, 120, 177, 7, 153, 49, 82, 97, 6, 141, 172, 31, 52, 65, 90, 102, 70, 111, 189, 122, 40, 101, 77, 208, 255, 255, 99, 238, 69, 52, 148, 76, 164, 197, 255, 87, 72, 85, 30, 195, 13, 24, 231, 11, 179, 254, 85, 83, 116, 165, 1, 28, 241, 22, 20, 73, 16, 160, 52, 5, 107, 96, 129, 158, 225, 203, 202, 196, 143, 19, 60, 48, 48, 200, 154, 164, 127, 45, 130, 25, 123, 38, 200, 222, 38, 29, 213, 141, 15, 203, 171, 4, 87, 109, 141, 243, 22, 18, 232, 7, 175, 177, 241, 63, 182, 91, 144, 50, 253, 247, 114, 122, 223, 76, 49, 222, 213, 211, 165, 82, 197, 156, 125, 55, 166, 3, 51, 84, 120, 145, 102, 74, 0, 198, 121, 79, 112, 112, 187, 201, 83, 103, 235, 71, 108, 237, 84, 159, 242, 174, 170, 42, 161, 15, 216, 221, 109, 109, 244, 55, 35, 53, 141, 140, 0, 127, 93, 116, 241, 200, 13, 2, 24, 104, 166, 162, 166, 201, 49, 230, 71, 86, 241, 180, 125, 237, 14, 196, 197, 177, 168, 83, 198, 4, 91, 170, 26]
note: run with `RUST_BACKTRACE=1` environment variable to display a backtrace
