   Compiling fhe v0.1.1 (/app/crates/fhe)
    Finished `release` profile [optimized] target(s) in 22.49s
     Running `target/release/examples/mulpir`
# MulPIR with fhe.rs
database of 64.00 MiB
	database_size = 65536
	elements_size = 1024
⏱  Database generation: 62.6 ms
⏱  Parameters generation: 109.1 ms
number_rows = 4096
number_elements_per_plaintext = 16
dimensions = 128 32
dimension = 4096
⏱  Database preprocessing: 4113.6 ms
level = 8
⏱  Client setup: 170.8 ms
📄 Evaluation key (expansion): 1.45 MiB
📄 Relinearization key: 186.05 KiB
⏱  Server setup: 40.5 ms
⏱  Client query: 2.4 ms
📄 Query: 62.05 KiB
Expand: 1.092823702s
Expand: 817.295003ms
Expand: 825.071206ms
Expand: 818.333291ms
Expand: 798.703165ms
⏱  Server response: 1317.6 ms
📄 Response: 124.03 KiB
Noise in response: Ok(45)
⏱  Client answer: 5.8 ms

thread 'main' (13834) panicked at crates/fhe/examples/mulpir.rs:209:5:
assertion `left == right` failed
  left: [161, 209, 0, 0, 0, 0, 0, 0, 0, 0, 0, 0, 0, 0, 0, 0, 0, 0, 0, 0, 0, 0, 0, 0, 0, 0, 0, 0, 0, 0, 0, 0, 0, 0, 0, 0, 0, 0, 0, 0, 0, 0, 0, 0, 0, 0, 0, 0, 0, 0, 0, 0, 0, 0, 0, 0, 0, 0, 0, 0, 0, 0, 0, 0, 0, 0, 0, 0, 0, 0, 0, 0, 0, 0, 0, 0, 0, 0, 0, 0, 0, 0, 0, 0, 0, 0, 0, 0, 0, 0, 0, 0, 0, 0, 0, 0, 0, 0, 0, 0, 0, 0, 0, 0, 0, 0, 0, 0, 0, 0, 0, 0, 0, 0, 0, 0, 0, 0, 0, 0, 0, 0, 0, 0, 0, 0, 0, 0, 0, 0, 0, 0, 0, 0, 0, 0, 0, 0, 0, 0, 0, 0, 0, 0, 0, 0, 0, 0, 0, 0, 0, 0, 0, 0, 0, 0, 0, 0, 0, 0, 0, 0, 0, 0, 0, 0, 0, 0, 0, 0, 0, 0, 0, 0, 0, 0, 0, 0, 0, 0, 0, 0, 0, 0, 0, 0, 0, 0, 0, 0, 0, 0, 0, 0, 0, 0, 0, 0, 0, 0, 0, 0, 0, 0, 0, 0, 0, 0, 0, 0, 0, 0, 0, 0, 0, 0, 0, 0, 0, 0, 0, 0, 0, 0, 0, 0, 0, 0, 0, 0, 0, 0, 0, 0, 0, 0, 0, 0, 0, 0, 0, 0, 0, 0, 0, 0, 0, 0, 0, 0, 0, 0, 0, 0, 0, 0, 0, 0, 0, 0, 0, 0, 0, 0, 0, 0, 0, 0, 0, 0, 0, 0, 0, 0, 0, 0, 0, 0, 0, 0, 0, 0, 0, 0, 0, 0, 0, 0, 0, 0, 0, 0, 0, 0, 0, 0, 0, 0, 0, 0, 0, 0, 0, 0, 0, 0, 0, 0, 0, 0, 0, 0, 0, 0, 0, 0, 0, 0, 0, 0, 0, 0, 0, 0, 0, 0, 0, 0, 0, 0, 0, 0, 0, 0, 0, 0, 0, 0, 0, 0, 0, 0, 0, 0, 0, 0, 0, 0, 0, 0, 0, 0, 0, 0, 0, 0, 0, 0, 0, 0, 0, 0, 0, 0, 0, 0, 0, 0, 0, 0, 0, 0, 0, 0, 0, 0, 0, 0, 0, 0, 0, 0, 0, 0, 0, 0, 0, 0, 0, 0, 0, 0, 0, 0, 0, 0, 0, 0, 0, 0, 0, 0, 0, 0, 0, 0, 0, 0, 0, 0, 0, 0, 0, 0, 0, 0, 0, 0, 0, 0, 0, 0, 0, 0, 0, 0, 0, 0, 0, 0, 0, 0, 0, 0, 0, 0, 0, 0, 0, 0, 0, 0, 0, 0, 0, 0, 0, 0, 0, 0, 0, 0, 0, 0, 0, 0, 0, 0, 0, 0, 0, 0, 0, 0, 0, 0, 0, 0, 0, 0, 0, 0, 0, 0, 0, 0, 0, 0, 0, 0, 0, 0, 0, 0, 0, 0, 0, 0, 0, 0, 0, 0, 0, 0, 0, 0, 0, 0, 0, 0, 0, 0, 0, 0, 0, 0, 0, 0, 0, 0, 0, 0, 0, 0, 0, 0, 0, 0, 0, 0, 0, 0, 0, 0, 0, 0, 0, 0, 0, 0, 0, 0, 0, 0, 0, 0, 0, 0, 0, 0, 0, 0, 0, 0, 0, 0, 0, 0, 0, 0, 0, 0, 0, 0, 0, 0, 0, 0, 0, 0, 0, 0, 0, 0, 0, 0, 0, 0, 0, 0, 0, 0, 0, 0, 0, 0, 0, 0, 0, 0, 0, 0, 0, 0, 0, 0, 0, 0, 0, 0, 0, 0, 0, 0, 0, 0, 0, 0, 0, 0, 0, 0, 0, 0, 0, 0, 0, 0, 0, 0, 0, 0, 0, 0, 0, 0, 0, 0, 0, 0, 0, 0, 0, 0, 0, 0, 0, 0, 0, 0, 0, 0, 0, 0, 0, 0, 0, 0, 0, 0, 0, 0, 0, 0, 0, 0, 0, 0, 0, 0, 0, 0, 0, 0, 0, 0, 0, 0, 0, 0, 0, 0, 0, 0, 0, 0, 0, 0, 0, 0, 0, 0, 0, 0, 0, 0, 0, 0, 0, 0, 0, 0, 0, 0, 0, 0, 0, 0, 0, 0, 0, 0, 0, 0, 0, 0, 0, 0, 0, 0, 0, 0, 0, 0, 0, 0, 0, 0, 0, 0, 0, 0, 0, 0, 0, 0, 0, 0, 0, 0, 0, 0, 0, 0, 0, 0, 0, 0, 0, 0, 0, 0, 0, 0, 0, 0, 0, 0, 0, 0, 0, 0, 0, 0, 0, 0, 0, 0, 0, 0, 0, 0, 0, 0, 0, 0, 0, 0, 0, 0, 0, 0, 0, 0, 0, 0, 0, 0, 0, 0, 0, 0, 0, 0, 0, 0, 0, 0, 0, 0, 0, 0, 0, 0, 0, 0, 0, 0, 0, 0, 0, 0, 0, 0, 0, 0, 0, 0, 0, 0, 0, 0, 0, 0, 0, 0, 0, 0, 0, 0, 0, 0, 0, 0, 0, 0, 0, 0, 0, 0, 0, 0, 0, 0, 0, 0, 0, 0, 0, 0, 0, 0, 0, 0, 0, 0, 0, 0, 0, 0, 0, 0, 0, 0, 0, 0, 0, 0, 0, 0, 0, 0, 0, 0, 0, 0, 0, 0, 0, 0, 0, 0, 0, 0, 0, 0, 0, 0, 0, 0, 0, 0, 0, 0, 0, 0, 0, 0, 0, 0, 0, 0, 0, 0, 0, 0, 0, 0, 0, 0, 0, 0, 0, 0, 0, 0, 0, 0, 0, 0, 0, 0, 0, 0, 0, 0, 0, 0, 0, 0, 0, 0, 0, 0, 0, 0, 0, 0, 0, 0, 0, 0, 0, 0, 0, 0, 0, 0, 0, 0, 0, 0, 0, 0, 0, 0, 0, 0, 0, 0, 0, 0, 0, 0, 0, 0, 0, 0, 0, 0, 0, 0, 0, 0, 0, 0, 0, 0, 0, 0, 0, 0, 0, 0, 0, 0, 0, 0, 0, 0, 0, 0, 0, 0, 0, 0, 0, 0, 0, 0, 0, 0, 0, 0, 0, 0, 0, 0, 0, 0, 0, 0, 0, 0, 0, 0, 0, 0, 0, 0, 0, 0, 0, 0, 0, 0, 0, 0, 0, 0, 0, 0, 0, 0, 0, 0, 0, 0, 0, 0, 0, 0, 0, 0]
 right: [61, 236, 122, 252, 134, 102, 89, 18, 33, 91, 149, 156, 41, 184, 163, 149, 185, 190, 112, 64, 73, 106, 102, 225, 208, 111, 30, 98, 219, 165, 221, 41, 128, 120, 112, 142, 65, 137, 208, 74, 250, 209, 71, 172, 96, 226, 188, 163, 33, 172, 168, 20, 45, 222, 14, 22, 124, 145, 131, 81, 61, 234, 86, 248, 113, 214, 28, 219, 243, 162, 32, 226, 66, 119, 196, 184, 8, 218, 121, 180, 149, 189, 73, 38, 243, 188, 29, 243, 209, 47, 75, 75, 204, 235, 197, 89, 127, 47, 250, 151, 70, 137, 229, 63, 186, 40, 0, 201, 83, 188, 242, 64, 71, 202, 12, 146, 210, 187, 12, 14, 103, 37, 108, 50, 131, 0, 20, 72, 77, 46, 31, 3, 223, 164, 252, 136, 99, 177, 214, 59, 218, 224, 52, 149, 69, 173, 122, 131, 11, 185, 173, 116, 171, 117, 241, 24, 33, 152, 26, 39, 147, 51, 108, 220, 5, 11, 202, 66, 131, 82, 84, 237, 218, 2, 109, 30, 181, 21, 26, 39, 112, 171, 234, 223, 203, 118, 250, 81, 32, 81, 83, 32, 130, 62, 178, 41, 19, 60, 90, 61, 133, 93, 176, 200, 90, 35, 196, 238, 193, 19, 210, 36, 32, 105, 136, 170, 120, 241, 240, 240, 31, 254, 181, 153, 245, 50, 80, 161, 154, 163, 148, 110, 209, 90, 215, 16, 8, 247, 148, 69, 233, 164, 29, 141, 77, 179, 147, 164, 165, 240, 145, 28, 12, 134, 7, 229, 38, 135, 84, 185, 41, 3, 13, 14, 255, 215, 242, 88, 136, 52, 189, 147, 225, 200, 42, 67, 230, 236, 97, 243, 4, 234, 153, 97, 156, 51, 57, 220, 174, 38, 15, 45, 161, 72, 82, 25, 235, 245, 127, 56, 96, 231, 133, 58, 197, 239, 144, 245, 107, 148, 235, 51, 219, 157, 194, 57, 16, 188, 190, 66, 145, 240, 86, 228, 29, 184, 142, 144, 7, 224, 27, 194, 163, 57, 143, 219, 138, 109, 126, 201, 144, 124, 141, 222, 58, 130, 89, 143, 68, 240, 48, 244, 159, 208, 91, 197, 29, 104, 182, 68, 79, 11, 92, 228, 172, 35, 213, 231, 242, 81, 252, 199, 218, 101, 179, 52, 143, 28, 216, 238, 193, 83, 65, 243, 85, 22, 117, 27, 103, 191, 222, 134, 189, 15, 98, 24, 30, 251, 210, 47, 35, 51, 235, 205, 79, 59, 196, 109, 145, 131, 50, 233, 188, 217, 39, 216, 115, 146, 89, 133, 204, 200, 42, 181, 185, 174, 44, 188, 136, 56, 138, 53, 65, 7, 24, 224, 201, 46, 87, 72, 163, 50, 36, 17, 123, 186, 142, 143, 197, 211, 155, 154, 173, 250, 159, 150, 41, 58, 34, 223, 33, 6, 2, 239, 146, 31, 148, 146, 66, 248, 124, 187, 69, 38, 218, 207, 176, 48, 164, 205, 243, 51, 116, 73, 179, 42, 171, 175, 74, 243, 68, 14, 80, 33, 41, 146, 144, 162, 48, 57, 119, 157, 181, 129, 69, 111, 36, 73, 65, 119, 7, 95, 89, 227, 81, 171, 28, 180, 133, 173, 218, 76, 61, 30, 240, 74, 181, 151, 87, 55, 222, 146, 205, 48, 65, 134, 109, 26, 119, 59, 221, 242, 132, 224, 99, 136, 156, 4, 41, 51, 15, 209, 39, 178, 40, 221, 223, 235, 175, 2, 20, 133, 86, 215, 65, 211, 208, 12, 123, 216, 236, 110, 159, 233, 133, 180, 30, 57, 29, 197, 0, 58, 3, 250, 85, 37, 144, 231, 182, 72, 127, 21, 88, 67, 98, 2, 43, 252, 221, 89, 203, 142, 116, 242, 65, 243, 79, 198, 207, 222, 151, 206, 223, 212, 177, 57, 63, 174, 112, 109, 109, 174, 33, 107, 18, 204, 92, 119, 172, 156, 185, 21, 97, 131, 21, 106, 252, 206, 224, 16, 62, 235, 108, 146, 240, 221, 39, 218, 40, 136, 68, 254, 42, 73, 229, 128, 201, 121, 250, 217, 111, 192, 134, 29, 67, 153, 62, 231, 130, 104, 62, 128, 221, 81, 50, 23, 193, 95, 114, 121, 250, 178, 110, 151, 121, 99, 209, 94, 90, 135, 148, 209, 137, 133, 102, 141, 242, 11, 81, 143, 101, 247, 188, 184, 238, 92, 214, 136, 132, 185, 140, 212, 128, 58, 251, 73, 36, 94, 136, 34, 232, 241, 250, 84, 104, 214, 54, 227, 51, 205, 89, 99, 16, 61, 24, 107, 205, 44, 115, 231, 134, 83, 0, 73, 10, 240, 41, 56, 76, 95, 102, 112, 22, 16, 189, 206, 255, 169, 138, 15, 180, 103, 146, 145, 249, 160, 193, 243, 210, 70, 195, 76, 185, 165, 99, 254, 155, 207, 232, 138, 47, 187, 192, 200, 164, 192, 97, 201, 48, 25, 242, 105, 177, 29, 50, 11, 112, 235, 218, 43, 20, 79, 93, 15, 12, 84, 201, 40, 199, 42, 64, 189, 159, 240, 89, 165, 253, 55, 88, 18, 71, 145, 113, 46, 52, 17, 218, 10, 190, 239, 0, 182, 103, 91, 217, 112, 86, 23, 36, 131, 240, 238, 88, 142, 34, 236, 5, 58, 249, 19, 157, 119, 197, 217, 48, 41, 228, 48, 248, 91, 220, 32, 38, 2, 114, 150, 144, 210, 57, 193, 126, 140, 217, 172, 245, 147, 157, 222, 22, 118, 212, 82, 12, 31, 163, 43, 58, 151, 75, 88, 84, 151, 95, 166, 3, 117, 70, 225, 2, 58, 13, 187, 18, 7, 118, 138, 152, 44, 222, 17, 72, 149, 71, 198, 18, 202, 143, 148, 78, 123, 81, 10, 163, 30, 92, 212, 62, 45, 42, 200, 111, 51, 121, 98, 217, 9, 236, 127, 164, 160, 216, 242, 158, 159, 54, 146, 187, 133, 57, 253, 218, 65, 208, 186, 51, 102, 138, 229, 205, 40, 186, 212, 214, 117, 129, 70, 179, 52, 179, 224, 39, 222, 228, 231, 255, 245, 56, 126, 69, 45, 122, 61, 57, 23, 82, 171, 167, 128, 56, 194, 207, 106, 7, 153, 143, 243, 143, 178, 183, 194, 123, 77, 176, 228, 253, 7, 181, 162, 114, 241, 98, 1, 168, 217, 174, 252, 213, 244, 96, 180, 48, 104, 142, 45]
note: run with `RUST_BACKTRACE=1` environment variable to display a backtrace
