   Compiling fhe v0.1.1 (/app/crates/fhe)
    Finished `release` profile [optimized] target(s) in 17.39s
     Running `target/release/examples/mulpir`
# MulPIR with fhe.rs
database of 64.00 MiB
	database_size = 65536
	elements_size = 1024
⏱  Database generation: 55.1 ms
⏱  Parameters generation: 82.3 ms
number_rows = 4096
number_elements_per_plaintext = 16
dimensions = 64 64
dimension = 4096
⏱  Database preprocessing: 1433.7 ms
level = 7
⏱  Client setup: 74.9 ms
📄 Evaluation key (expansion): 1.23 MiB
📄 Relinearization key: 180.05 KiB
⏱  Server setup: 35.6 ms
⏱  Client query: 2.3 ms
📄 Query: 60.05 KiB
Expand: 456.336165ms
Expand: 360.802231ms
Expand: 359.781762ms
Expand: 359.138733ms
Expand: 358.441191ms
⏱  Server response: 1061.3 ms
📄 Response: 120.03 KiB
Noise in response: Ok(43)
⏱  Client answer: 5.7 ms

thread 'main' (13002) panicked at crates/fhe/examples/mulpir.rs:209:5:
assertion `left == right` failed
  left: [254, 134, 0, 0, 0, 0, 0, 0, 0, 0, 0, 0, 0, 0, 0, 0, 0, 0, 0, 0, 0, 0, 0, 0, 0, 0, 0, 0, 0, 0, 0, 0, 0, 0, 0, 0, 0, 0, 0, 0, 0, 0, 0, 0, 0, 0, 0, 0, 0, 0, 0, 0, 0, 0, 0, 0, 0, 0, 0, 0, 0, 0, 0, 0, 0, 0, 0, 0, 0, 0, 0, 0, 0, 0, 0, 0, 0, 0, 0, 0, 0, 0, 0, 0, 0, 0, 0, 0, 0, 0, 0, 0, 0, 0, 0, 0, 0, 0, 0, 0, 0, 0, 0, 0, 0, 0, 0, 0, 0, 0, 0, 0, 0, 0, 0, 0, 0, 0, 0, 0, 0, 0, 0, 0, 0, 0, 0, 0, 0, 0, 0, 0, 0, 0, 0, 0, 0, 0, 0, 0, 0, 0, 0, 0, 0, 0, 0, 0, 0, 0, 0, 0, 0, 0, 0, 0, 0, 0, 0, 0, 0, 0, 0, 0, 0, 0, 0, 0, 0, 0, 0, 0, 0, 0, 0, 0, 0, 0, 0, 0, 0, 0, 0, 0, 0, 0, 0, 0, 0, 0, 0, 0, 0, 0, 0, 0, 0, 0, 0, 0, 0, 0, 0, 0, 0, 0, 0, 0, 0, 0, 0, 0, 0, 0, 0, 0, 0, 0, 0, 0, 0, 0, 0, 0, 0, 0, 0, 0, 0, 0, 0, 0, 0, 0, 0, 0, 0, 0, 0, 0, 0, 0, 0, 0, 0, 0, 0, 0, 0, 0, 0, 0, 0, 0, 0, 0, 0, 0, 0, 0, 0, 0, 0, 0, 0, 0, 0, 0, 0, 0, 0, 0, 0, 0, 0, 0, 0, 0, 0, 0, 0, 0, 0, 0, 0, 0, 0, 0, 0, 0, 0, 0, 0, 0, 0, 0, 0, 0, 0, 0, 0, 0, 0, 0, 0, 0, 0, 0, 0, 0, 0, 0, 0, 0, 0, 0, 0, 0, 0, 0, 0, 0, 0, 0, 0, 0, 0, 0, 0, 0, 0, 0, 0, 0, 0, 0, 0, 0, 0, 0, 0, 0, 0, 0, 0, 0, 0, 0, 0, 0, 0, 0, 0, 0, 0, 0, 0, 0, 0, 0, 0, 0, 0, 0, 0, 0, 0, 0, 0, 0, 0, 0, 0, 0, 0, 0, 0, 0, 0, 0, 0, 0, 0, 0, 0, 0, 0, 0, 0, 0, 0, 0, 0, 0, 0, 0, 0, 0, 0, 0, 0, 0, 0, 0, 0, 0, 0, 0, 0, 0, 0, 0, 0, 0, 0, 0, 0, 0, 0, 0, 0, 0, 0, 0, 0, 0, 0, 0, 0, 0, 0, 0, 0, 0, 0, 0, 0, 0, 0, 0, 0, 0, 0, 0, 0, 0, 0, 0, 0, 0, 0, 0, 0, 0, 0, 0, 0, 0, 0, 0, 0, 0, 0, 0, 0, 0, 0, 0, 0, 0, 0, 0, 0, 0, 0, 0, 0, 0, 0, 0, 0, 0, 0, 0, 0, 0, 0, 0, 0, 0, 0, 0, 0, 0, 0, 0, 0, 0, 0, 0, 0, 0, 0, 0, 0, 0, 0, 0, 0, 0, 0, 0, 0, 0, 0, 0, 0, 0, 0, 0, 0, 0, 0, 0, 0, 0, 0, 0, 0, 0, 0, 0, 0, 0, 0, 0, 0, 0, 0, 0, 0, 0, 0, 0, 0, 0, 0, 0, 0, 0, 0, 0, 0, 0, 0, 0, 0, 0, 0, 0, 0, 0, 0, 0, 0, 0, 0, 0, 0, 0, 0, 0, 0, 0, 0, 0, 0, 0, 0, 0, 0, 0, 0, 0, 0, 0, 0, 0, 0, 0, 0, 0, 0, 0, 0, 0, 0, 0, 0, 0, 0, 0, 0, 0, 0, 0, 0, 0, 0, 0, 0, 0, 0, 0, 0, 0, 0, 0, 0, 0, 0, 0, 0, 0, 0, 0, 0, 0, 0, 0, 0, 0, 0, 0, 0, 0, 0, 0, 0, 0, 0, 0, 0, 0, 0, 0, 0, 0, 0, 0, 0, 0, 0, 0, 0, 0, 0, 0, 0, 0, 0, 0, 0, 0, 0, 0, 0, 0, 0, 0, 0, 0, 0, 0, 0, 0, 0, 0, 0, 0, 0, 0, 0, 0, 0, 0, 0, 0, 0, 0, 0, 0, 0, 0, 0, 0, 0, 0, 0, 0, 0, 0, 0, 0, 0, 0, 0, 0, 0, 0, 0, 0, 0, 0, 0, 0, 0, 0, 0, 0, 0, 0, 0, 0, 0, 0, 0, 0, 0, 0, 0, 0, 0, 0, 0, 0, 0, 0, 0, 0, 0, 0, 0, 0, 0, 0, 0, 0, 0, 0, 0, 0, 0, 0, 0, 0, 0, 0, 0, 0, 0, 0, 0, 0, 0, 0, 0, 0, 0, 0, 0, 0, 0, 0, 0, 0, 0, 0, 0, 0, 0, 0, 0, 0, 0, 0, 0, 0, 0, 0, 0, 0, 0, 0, 0, 0, 0, 0, 0, 0, 0, 0, 0, 0, 0, 0, 0, 0, 0, 0, 0, 0, 0, 0, 0, 0, 0, 0, 0, 0, 0, 0, 0, 0, 0, 0, 0, 0, 0, 0, 0, 0, 0, 0, 0, 0, 0, 0, 0, 0, 0, 0, 0, 0, 0, 0, 0, 0, 0, 0, 0, 0, 0, 0, 0, 0, 0, 0, 0, 0, 0, 0, 0, 0, 0, 0, 0, 0, 0, 0, 0, 0, 0, 0, 0, 0, 0, 0, 0, 0, 0, 0, 0, 0, 0, 0, 0, 0, 0, 0, 0, 0, 0, 0, 0, 0, 0, 0, 0, 0, 0, 0, 0, 0, 0, 0, 0, 0, 0, 0, 0, 0, 0, 0, 0, 0, 0, 0, 0, 0, 0, 0, 0, 0, 0, 0, 0, 0, 0, 0, 0, 0, 0, 0, 0, 0, 0, 0, 0, 0, 0, 0, 0, 0, 0, 0, 0, 0, 0, 0, 0, 0, 0, 0, 0, 0, 0, 0, 0, 0, 0, 0, 0, 0, 0, 0, 0, 0, 0, 0, 0, 0, 0, 0, 0, 0, 0, 0, 0, 0, 0, 0, 0, 0, 0, 0, 0, 0, 0, 0, 0, 0, 0, 0, 0, 0, 0, 0, 0, 0, 0, 0, 0, 0, 0, 0, 0, 0, 0, 0, 0, 0, 0, 0, 0, 0, 0, 0, 0, 0, 0, 0, 0, 0]
 right: [139, 187, 252, 65, 249, 190, 251, 39, 100, 195, 2, 236, 34, 199, 31, 122, 242, 130, 219, 77, 231, 207, 19, 224, 34, 5, 177, 76, 90, 164, 212, 187, 139, 25, 221, 124, 241, 68, 86, 98, 247, 153, 17, 243, 226, 220, 38, 225, 56, 10, 107, 56, 190, 98, 161, 214, 89, 143, 4, 242, 240, 127, 48, 129, 93, 172, 69, 146, 8, 97, 71, 253, 86, 222, 163, 136, 141, 156, 47, 228, 176, 7, 127, 80, 218, 60, 190, 176, 250, 40, 162, 250, 75, 186, 27, 23, 138, 8, 86, 184, 53, 230, 14, 221, 27, 9, 122, 241, 176, 215, 45, 139, 31, 149, 170, 137, 220, 217, 122, 73, 136, 31, 70, 246, 254, 89, 218, 148, 194, 99, 162, 69, 214, 211, 228, 151, 204, 115, 102, 106, 11, 71, 61, 118, 174, 132, 204, 141, 9, 47, 42, 205, 43, 153, 108, 222, 28, 45, 119, 177, 212, 36, 90, 96, 116, 146, 120, 43, 220, 106, 144, 51, 52, 123, 244, 205, 251, 124, 207, 190, 56, 75, 211, 45, 253, 188, 44, 25, 75, 43, 226, 240, 205, 138, 238, 72, 186, 20, 40, 66, 99, 166, 188, 177, 22, 63, 2, 33, 167, 98, 99, 237, 189, 136, 248, 158, 233, 170, 9, 46, 129, 54, 146, 101, 61, 156, 185, 93, 53, 202, 2, 145, 181, 170, 197, 191, 100, 52, 137, 161, 130, 169, 0, 244, 109, 43, 216, 90, 6, 253, 171, 205, 36, 213, 165, 209, 67, 171, 96, 31, 29, 228, 239, 26, 33, 13, 200, 50, 79, 15, 59, 57, 168, 71, 93, 136, 111, 50, 27, 248, 194, 130, 13, 176, 0, 200, 138, 208, 152, 148, 226, 50, 17, 34, 157, 10, 48, 95, 99, 224, 127, 39, 128, 68, 155, 74, 10, 91, 177, 177, 112, 24, 173, 156, 96, 15, 115, 186, 205, 240, 233, 177, 156, 195, 138, 254, 219, 55, 228, 75, 101, 5, 93, 167, 195, 6, 194, 156, 163, 0, 211, 223, 170, 63, 203, 71, 134, 233, 183, 73, 44, 158, 192, 101, 157, 249, 130, 44, 75, 157, 184, 186, 173, 9, 59, 124, 184, 192, 91, 170, 245, 69, 199, 137, 153, 218, 27, 177, 114, 181, 130, 116, 163, 168, 224, 208, 204, 102, 162, 209, 31, 69, 31, 110, 150, 184, 232, 220, 11, 191, 209, 26, 194, 178, 140, 186, 205, 141, 76, 218, 53, 15, 50, 142, 228, 175, 99, 174, 100, 103, 57, 113, 147, 222, 14, 10, 138, 83, 158, 221, 239, 2, 91, 121, 122, 245, 239, 244, 155, 35, 153, 6, 107, 78, 254, 239, 174, 63, 154, 117, 255, 226, 80, 92, 47, 220, 223, 243, 193, 129, 147, 230, 45, 83, 255, 145, 250, 169, 48, 43, 233, 105, 207, 226, 20, 97, 240, 33, 251, 91, 255, 91, 63, 111, 251, 95, 197, 236, 132, 204, 173, 231, 111, 21, 208, 97, 204, 174, 63, 186, 245, 245, 222, 197, 193, 231, 136, 212, 116, 198, 107, 5, 216, 215, 13, 120, 123, 243, 27, 151, 168, 20, 37, 236, 152, 22, 121, 133, 132, 110, 202, 119, 217, 200, 185, 17, 65, 151, 112, 87, 52, 102, 221, 135, 20, 77, 171, 249, 52, 75, 51, 58, 90, 104, 189, 30, 132, 251, 6, 28, 249, 97, 157, 170, 215, 121, 235, 177, 251, 246, 78, 29, 72, 55, 95, 252, 8, 52, 225, 218, 109, 105, 164, 224, 162, 155, 148, 249, 165, 157, 240, 196, 133, 112, 171, 169, 233, 207, 14, 5, 217, 229, 97, 232, 224, 142, 180, 204, 193, 175, 116, 129, 163, 17, 239, 215, 116, 228, 181, 98, 176, 140, 80, 227, 107, 166, 249, 27, 128, 151, 88, 89, 221, 101, 160, 125, 107, 214, 109, 81, 86, 196, 18, 184, 177, 121, 150, 100, 144, 65, 131, 249, 236, 20, 176, 131, 24, 9, 178, 134, 205, 180, 183, 116, 160, 242, 28, 175, 127, 216, 153, 68, 114, 84, 77, 164, 143, 66, 134, 209, 49, 158, 224, 142, 249, 161, 233, 251, 127, 186, 111, 127, 245, 176, 40, 46, 155, 117, 102, 167, 41, 208, 97, 150, 224, 245, 125, 103, 40, 158, 7, 182, 43, 79, 162, 160, 190, 55, 193, 50, 149, 68, 231, 162, 188, 205, 233, 119, 151, 14, 170, 135, 74, 22, 215, 47, 93, 90, 227, 157, 0, 56, 82, 143, 8, 84, 249, 248, 47, 211, 222, 35, 180, 64, 77, 163, 246, 214, 238, 224, 80, 6, 118, 9, 110, 114, 104, 212, 126, 248, 131, 116, 83, 165, 209, 166, 98, 15, 140, 199, 106, 104, 21, 169, 204, 116, 45, 216, 71, 62, 23, 188, 89, 104, 210, 5, 84, 151, 241, 232, 169, 125, 13, 253, 235, 38, 75, 39, 188, 189, 167, 112, 153, 249, 166, 206, 184, 30, 118, 35, 193, 101, 31, 225, 214, 46, 127, 37, 31, 0, 202, 29, 7, 78, 99, 171, 135, 11, 99, 191, 74, 76, 202, 54, 54, 75, 58, 93, 15, 122, 222, 57, 72, 21, 41, 58, 208, 92, 221, 172, 206, 107, 138, 1, 131, 44, 31, 27, 177, 143, 14, 17, 57, 14, 11, 214, 114, 67, 228, 39, 185, 74, 251, 114, 138, 91, 179, 66, 247, 94, 234, 187, 38, 69, 238, 134, 32, 37, 108, 100, 99, 94, 158, 146, 197, 188, 171, 22, 89, 255, 61, 162, 233, 81, 101, 82, 214, 14, 193, 40, 7, 169, 53, 255, 214, 157, 101, 19, 170, 211, 16, 72, 11, 149, 34, 124, 40, 173, 208, 12, 11, 203, 161, 8, 139, 27, 170, 149, 111, 97, 42, 179, 151, 159, 144, 82, 230, 237, 186, 120, 16, 60, 242, 108, 251, 97, 245, 139, 46, 49, 243, 113, 232, 164, 218, 0, 128, 226, 176, 133, 244, 225, 158, 74, 240, 152, 251, 173, 63, 179, 57, 231, 79, 41, 66, 69, 240, 110, 95, 192, 226, 242, 80, 48, 155, 36, 70, 182, 49, 149, 213, 178, 26, 84, 49, 224, 41, 78, 43, 75, 190, 87, 62, 141]
note: run with `RUST_BACKTRACE=1` environment variable to display a backtrace
