   Compiling fhe v0.1.1 (/app/crates/fhe)
    Finished `release` profile [optimized] target(s) in 20.93s
     Running `target/release/examples/mulpir`
# MulPIR with fhe.rs
database of 64.00 MiB
	database_size = 65536
	elements_size = 1024
⏱  Database generation: 83.9 ms
⏱  Parameters generation: 23.9 ms
number_rows = 9363
number_elements_per_plaintext = 7
dimensions = 97 97
dimension = 9409
⏱  Database preprocessing: 11561.2 ms
level = 8
⏱  Client setup: 111.6 ms
📄 Evaluation key (expansion): 992.58 KiB
📄 Relinearization key: 124.07 KiB
⏱  Server setup: 27.2 ms
⏱  Client query: 2 ms
📄 Query: 62.05 KiB
Expand: 412.112324ms
Expand: 189.415495ms
Expand: 186.816821ms
Expand: 184.461007ms
Expand: 184.489909ms
⏱  Server response: 1280.7 ms
📄 Response: 62.03 KiB
Noise in response: Ok(46)
⏱  Client answer: 2.9 ms

thread 'main' (12504) panicked at crates/fhe/examples/mulpir.rs:210:5:
assertion `left == right` failed
  left: [24, 2, 0, 0, 0, 0, 0, 0, 0, 0, 0, 0, 0, 0, 0, 0, 0, 0, 0, 0, 0, 0, 0, 0, 0, 0, 0, 0, 0, 0, 0, 0, 0, 0, 0, 0, 0, 0, 0, 0, 0, 0, 0, 0, 0, 0, 0, 0, 0, 0, 0, 0, 0, 0, 0, 0, 0, 0, 0, 0, 0, 0, 0, 0, 0, 0, 0, 0, 0, 0, 0, 0, 0, 0, 0, 0, 0, 0, 0, 0, 0, 0, 0, 0, 0, 0, 0, 0, 0, 0, 0, 0, 0, 0, 0, 0, 0, 0, 0, 0, 0, 0, 0, 0, 0, 0, 0, 0, 0, 0, 0, 0, 0, 0, 0, 0, 0, 0, 0, 0, 0, 0, 0, 0, 0, 0, 0, 0, 0, 0, 0, 0, 0, 0, 0, 0, 0, 0, 0, 0, 0, 0, 0, 0, 0, 0, 0, 0, 0, 0, 0, 0, 0, 0, 0, 0, 0, 0, 0, 0, 0, 0, 0, 0, 0, 0, 0, 0, 0, 0, 0, 0, 0, 0, 0, 0, 0, 0, 0, 0, 0, 0, 0, 0, 0, 0, 0, 0, 0, 0, 0, 0, 0, 0, 0, 0, 0, 0, 0, 0, 0, 0, 0, 0, 0, 0, 0, 0, 0, 0, 0, 0, 0, 0, 0, 0, 0, 0, 0, 0, 0, 0, 0, 0, 0, 0, 0, 0, 0, 0, 0, 0, 0, 0, 0, 0, 0, 0, 0, 0, 0, 0, 0, 0, 0, 0, 0, 0, 0, 0, 0, 0, 0, 0, 0, 0, 0, 0, 0, 0, 0, 0, 0, 0, 0, 0, 0, 0, 0, 0, 0, 0, 0, 0, 0, 0, 0, 0, 0, 0, 0, 0, 0, 0, 0, 0, 0, 0, 0, 0, 0, 0, 0, 0, 0, 0, 0, 0, 0, 0, 0, 0, 0, 0, 0, 0, 0, 0, 0, 0, 0, 0, 0, 0, 0, 0, 0, 0, 0, 0, 0, 0, 0, 0, 0, 0, 0, 0, 0, 0, 0, 0, 0, 0, 0, 0, 0, 0, 0, 0, 0, 0, 0, 0, 0, 0, 0, 0, 0, 0, 0, 0, 0, 0, 0, 0, 0, 0, 0, 0, 0, 0, 0, 0, 0, 0, 0, 0, 0, 0, 0, 0, 0, 0, 0, 0, 0, 0, 0, 0, 0, 0, 0, 0, 0, 0, 0, 0, 0, 0, 0, 0, 0, 0, 0, 0, 0, 0, 0, 0, 0, 0, 0, 0, 0, 0, 0, 0, 0, 0, 0, 0, 0, 0, 0, 0, 0, 0, 0, 0, 0, 0, 0, 0, 0, 0, 0, 0, 0, 0, 0, 0, 0, 0, 0, 0, 0, 0, 0, 0, 0, 0, 0, 0, 0, 0, 0, 0, 0, 0, 0, 0, 0, 0, 0, 0, 0, 0, 0, 0, 0, 0, 0, 0, 0, 0, 0, 0, 0, 0, 0, 0, 0, 0, 0, 0, 0, 0, 0, 0, 0, 0, 0, 0, 0, 0, 0, 0, 0, 0, 0, 0, 0, 0, 0, 0, 0, 0, 0, 0, 0, 0, 0, 0, 0, 0, 0, 0, 0, 0, 0, 0, 0, 0, 0, 0, 0, 0, 0, 0, 0, 0, 0, 0, 0, 0, 0, 0, 0, 0, 0, 0, 0, 0, 0, 0, 0, 0, 0, 0, 0, 0, 0, 0, 0, 0, 0, 0, 0, 0, 0, 0, 0, 0, 0, 0, 0, 0, 0, 0, 0, 0, 0, 0, 0, 0, 0, 0, 0, 0, 0, 0, 0, 0, 0, 0, 0, 0, 0, 0, 0, 0, 0, 0, 0, 0, 0, 0, 0, 0, 0, 0, 0, 0, 0, 0, 0, 0, 0, 0, 0, 0, 0, 0, 0, 0, 0, 0, 0, 0, 0, 0, 0, 0, 0, 0, 0, 0, 0, 0, 0, 0, 0, 0, 0, 0, 0, 0, 0, 0, 0, 0, 0, 0, 0, 0, 0, 0, 0, 0, 0, 0, 0, 0, 0, 0, 0, 0, 0, 0, 0, 0, 0, 0, 0, 0, 0, 0, 0, 0, 0, 0, 0, 0, 0, 0, 0, 0, 0, 0, 0, 0, 0, 0, 0, 0, 0, 0, 0, 0, 0, 0, 0, 0, 0, 0, 0, 0, 0, 0, 0, 0, 0, 0, 0, 0, 0, 0, 0, 0, 0, 0, 0, 0, 0, 0, 0, 0, 0, 0, 0, 0, 0, 0, 0, 0, 0, 0, 0, 0, 0, 0, 0, 0, 0, 0, 0, 0, 0, 0, 0, 0, 0, 0, 0, 0, 0, 0, 0, 0, 0, 0, 0, 0, 0, 0, 0, 0, 0, 0, 0, 0, 0, 0, 0, 0, 0, 0, 0, 0, 0, 0, 0, 0, 0, 0, 0, 0, 0, 0, 0, 0, 0, 0, 0, 0, 0, 0, 0, 0, 0, 0, 0, 0, 0, 0, 0, 0, 0, 0, 0, 0, 0, 0, 0, 0, 0, 0, 0, 0, 0, 0, 0, 0, 0, 0, 0, 0, 0, 0, 0, 0, 0, 0, 0, 0, 0, 0, 0, 0, 0, 0, 0, 0, 0, 0, 0, 0, 0, 0, 0, 0, 0, 0, 0, 0, 0, 0, 0, 0, 0, 0, 0, 0, 0, 0, 0, 0, 0, 0, 0, 0, 0, 0, 0, 0, 0, 0, 0, 0, 0, 0, 0, 0, 0, 0, 0, 0, 0, 0, 0, 0, 0, 0, 0, 0, 0, 0, 0, 0, 0, 0, 0, 0, 0, 0, 0, 0, 0, 0, 0, 0, 0, 0, 0, 0, 0, 0, 0, 0, 0, 0, 0, 0, 0, 0, 0, 0, 0, 0, 0, 0, 0, 0, 0, 0, 0, 0, 0, 0, 0, 0, 0, 0, 0, 0, 0, 0, 0, 0, 0, 0, 0, 0, 0, 0, 0, 0, 0, 0, 0, 0, 0, 0, 0, 0, 0, 0, 0, 0, 0, 0, 0, 0, 0, 0, 0, 0, 0, 0, 0, 0, 0, 0, 0, 0, 0, 0, 0, 0, 0, 0, 0, 0, 0, 0, 0, 0, 0, 0, 0, 0, 0, 0, 0, 0, 0, 0, 0, 0, 0, 0, 0, 0, 0, 0, 0, 0, 0, 0, 0, 0, 0, 0, 0, 0, 0, 0, 0, 0, 0, 0, 0, 0, 0, 0, 0, 0, 0, 0, 0, 0, 0, 0]
 right: [174, 130, 138, 109, 63, 86, 134, 185, 189, 92, 186, 119, 94, 36, 158, 216, 134, 198, 229, 195, 171, 17, 18, 245, 241, 103, 117, 60, 43, 193, 133, 84, 66, 70, 132, 229, 217, 220, 96, 229, 78, 7, 58, 188, 124, 11, 136, 211, 96, 173, 78, 116, 46, 128, 203, 160, 86, 231, 182, 237, 217, 149, 6, 75, 226, 243, 6, 186, 48, 104, 63, 188, 194, 240, 159, 16, 68, 190, 31, 134, 204, 202, 156, 16, 47, 4, 204, 143, 65, 180, 22, 71, 206, 7, 113, 77, 245, 182, 208, 254, 49, 127, 173, 7, 158, 12, 130, 226, 3, 43, 148, 176, 43, 82, 2, 160, 55, 108, 17, 210, 66, 50, 71, 243, 162, 71, 4, 96, 43, 239, 80, 133, 154, 65, 12, 133, 38, 0, 65, 227, 51, 79, 152, 154, 216, 104, 200, 219, 250, 232, 142, 115, 12, 55, 234, 4, 45, 61, 9, 236, 216, 147, 237, 19, 125, 127, 230, 187, 20, 199, 141, 80, 87, 60, 233, 4, 17, 84, 41, 221, 78, 132, 15, 120, 43, 152, 172, 254, 189, 205, 197, 154, 116, 254, 181, 2, 195, 93, 234, 0, 180, 230, 60, 81, 198, 253, 182, 185, 44, 64, 132, 195, 208, 106, 99, 251, 20, 158, 167, 22, 68, 47, 190, 121, 116, 28, 96, 64, 109, 217, 142, 35, 241, 216, 149, 190, 40, 102, 85, 195, 113, 73, 205, 136, 37, 115, 10, 84, 244, 154, 246, 119, 110, 24, 139, 30, 159, 44, 155, 129, 118, 210, 191, 89, 66, 165, 113, 22, 6, 182, 30, 95, 14, 135, 222, 87, 98, 134, 212, 36, 36, 128, 154, 25, 65, 145, 9, 141, 56, 71, 70, 3, 128, 26, 117, 106, 95, 186, 15, 11, 137, 9, 68, 185, 172, 144, 64, 48, 69, 26, 205, 130, 182, 6, 52, 50, 200, 192, 44, 36, 20, 2, 175, 209, 183, 48, 193, 130, 43, 113, 4, 32, 134, 197, 132, 59, 241, 18, 121, 66, 118, 117, 42, 77, 237, 130, 22, 9, 34, 162, 218, 146, 180, 8, 139, 220, 218, 32, 70, 110, 39, 209, 68, 15, 105, 168, 46, 6, 218, 63, 189, 87, 87, 145, 78, 163, 87, 193, 174, 143, 167, 147, 164, 211, 34, 213, 93, 98, 123, 233, 253, 174, 64, 157, 37, 113, 164, 125, 131, 153, 96, 200, 50, 60, 82, 44, 89, 77, 9, 102, 238, 223, 164, 105, 129, 224, 230, 142, 189, 1, 13, 30, 151, 184, 98, 53, 19, 134, 129, 106, 226, 13, 65, 150, 204, 75, 38, 207, 9, 255, 11, 227, 174, 84, 150, 221, 77, 227, 85, 145, 99, 255, 157, 0, 34, 238, 71, 74, 242, 190, 148, 0, 155, 42, 176, 143, 51, 20, 237, 166, 202, 240, 94, 177, 169, 109, 121, 128, 155, 157, 157, 193, 197, 126, 70, 188, 33, 182, 102, 32, 148, 56, 234, 181, 169, 152, 121, 33, 222, 165, 149, 214, 204, 160, 93, 61, 91, 28, 217, 172, 175, 246, 139, 179, 15, 85, 174, 182, 200, 142, 32, 23, 192, 53, 243, 6, 193, 37, 30, 166, 238, 229, 242, 235, 55, 248, 72, 166, 232, 23, 140, 126, 70, 77, 63, 91, 184, 173, 242, 249, 100, 121, 221, 134, 221, 174, 26, 222, 222, 226, 250, 1, 136, 201, 18, 216, 83, 64, 197, 26, 76, 30, 102, 243, 170, 65, 228, 94, 68, 30, 233, 108, 90, 149, 248, 29, 133, 167, 65, 205, 230, 202, 214, 221, 20, 233, 232, 244, 42, 78, 82, 66, 169, 16, 111, 89, 77, 219, 73, 202, 44, 66, 140, 38, 186, 89, 187, 32, 235, 46, 58, 67, 140, 44, 101, 177, 40, 176, 25, 101, 45, 196, 206, 218, 27, 219, 133, 221, 51, 205, 120, 1, 180, 242, 231, 11, 10, 208, 224, 200, 234, 123, 59, 110, 56, 204, 27, 54, 30, 181, 190, 236, 244, 62, 107, 14, 135, 162, 250, 100, 36, 86, 218, 90, 59, 41, 120, 22, 29, 135, 213, 27, 23, 195, 130, 65, 112, 231, 30, 230, 83, 225, 21, 248, 195, 133, 21, 179, 75, 114, 144, 69, 44, 32, 95, 42, 40, 86, 149, 6, 43, 120, 164, 204, 143, 111, 74, 134, 28, 55, 128, 111, 254, 187, 177, 216, 87, 75, 93, 150, 104, 7, 200, 40, 29, 37, 92, 43, 228, 227, 10, 74, 186, 28, 28, 250, 28, 150, 77, 220, 47, 6, 35, 84, 198, 204, 118, 171, 235, 27, 202, 88, 16, 119, 242, 25, 239, 71, 129, 10, 253, 249, 155, 226, 214, 202, 221, 65, 28, 142, 71, 215, 142, 17, 114, 183, 179, 158, 71, 166, 242, 196, 68, 213, 132, 52, 185, 203, 225, 78, 120, 15, 63, 203, 149, 150, 149, 221, 223, 223, 206, 154, 162, 15, 235, 213, 102, 81, 246, 141, 82, 204, 149, 103, 143, 80, 114, 80, 198, 217, 37, 40, 103, 144, 196, 26, 165, 139, 132, 14, 198, 38, 217, 219, 14, 184, 53, 19, 144, 220, 186, 176, 151, 231, 217, 238, 148, 210, 102, 190, 201, 106, 82, 60, 53, 87, 2, 106, 57, 193, 204, 164, 101, 9, 143, 153, 57, 44, 215, 21, 105, 182, 77, 224, 102, 233, 165, 67, 236, 152, 102, 150, 217, 8, 253, 245, 46, 231, 163, 77, 208, 54, 143, 195, 202, 108, 134, 15, 254, 115, 32, 17, 166, 36, 144, 227, 59, 175, 109, 72, 234, 216, 154, 189, 194, 252, 19, 168, 8, 3, 159, 4, 51, 95, 118, 179, 44, 224, 30, 111, 182, 171, 21, 99, 134, 141, 31, 109, 22, 224, 205, 45, 147, 51, 38, 162, 49, 46, 232, 70, 0, 49, 76, 22, 18, 83, 144, 20, 94, 225, 197, 76, 20, 45, 30, 113, 83, 66, 250, 66, 105, 110, 237, 36, 142, 102, 138, 224, 49, 18, 106, 171, 139, 217, 231, 29, 77, 164, 77, 211, 47, 83, 55, 206, 222, 232, 249, 59, 221, 123, 242, 154, 16, 174, 251, 19, 26, 227, 51, 43, 150, 232, 211, 136]
note: run with `RUST_BACKTRACE=1` environment variable to display a backtrace
