   Compiling fhe v0.1.1 (/app/crates/fhe)
    Finished `release` profile [optimized] target(s) in 19.70s
     Running `target/release/examples/mulpir`
# MulPIR with fhe.rs
database of 64.00 MiB
	database_size = 65536
	elements_size = 1024
⏱  Database generation: 112.2 ms
⏱  Parameters generation: 43.4 ms
number_rows = 6554
number_elements_per_plaintext = 10
dimensions = 81 81
dimension = 6561
⏱  Database preprocessing: 3200.1 ms
level = 8
⏱  Client setup: 126.9 ms
📄 Evaluation key (expansion): 872.60 KiB
📄 Relinearization key: 36.06 KiB
⏱  Server setup: 38.7 ms
⏱  Client query: 1.9 ms
📄 Query: 36.05 KiB
Expand: 907.439685ms
Expand: 686.239916ms
Expand: 677.167269ms
Expand: 677.264843ms
Expand: 673.950501ms
⏱  Server response: 1156.5 ms
📄 Response: 36.03 KiB
Noise in response: Ok(15)
⏱  Client answer: 2.8 ms

thread 'main' (9590) panicked at crates/fhe/examples/mulpir.rs:213:5:
assertion `left == right` failed
  left: [167, 250, 0, 0, 0, 0, 0, 0, 0, 0, 0, 0, 0, 0, 0, 0, 0, 0, 0, 0, 0, 0, 0, 0, 0, 0, 0, 0, 0, 0, 0, 0, 0, 0, 0, 0, 0, 0, 0, 0, 0, 0, 0, 0, 0, 0, 0, 0, 0, 0, 0, 0, 0, 0, 0, 0, 0, 0, 0, 0, 0, 0, 0, 0, 0, 0, 0, 0, 0, 0, 0, 0, 0, 0, 0, 0, 0, 0, 0, 0, 0, 0, 0, 0, 0, 0, 0, 0, 0, 0, 0, 0, 0, 0, 0, 0, 0, 0, 0, 0, 0, 0, 0, 0, 0, 0, 0, 0, 0, 0, 0, 0, 0, 0, 0, 0, 0, 0, 0, 0, 0, 0, 0, 0, 0, 0, 0, 0, 0, 0, 0, 0, 0, 0, 0, 0, 0, 0, 0, 0, 0, 0, 0, 0, 0, 0, 0, 0, 0, 0, 0, 0, 0, 0, 0, 0, 0, 0, 0, 0, 0, 0, 0, 0, 0, 0, 0, 0, 0, 0, 0, 0, 0, 0, 0, 0, 0, 0, 0, 0, 0, 0, 0, 0, 0, 0, 0, 0, 0, 0, 0, 0, 0, 0, 0, 0, 0, 0, 0, 0, 0, 0, 0, 0, 0, 0, 0, 0, 0, 0, 0, 0, 0, 0, 0, 0, 0, 0, 0, 0, 0, 0, 0, 0, 0, 0, 0, 0, 0, 0, 0, 0, 0, 0, 0, 0, 0, 0, 0, 0, 0, 0, 0, 0, 0, 0, 0, 0, 0, 0, 0, 0, 0, 0, 0, 0, 0, 0, 0, 0, 0, 0, 0, 0, 0, 0, 0, 0, 0, 0, 0, 0, 0, 0, 0, 0, 0, 0, 0, 0, 0, 0, 0, 0, 0, 0, 0, 0, 0, 0, 0, 0, 0, 0, 0, 0, 0, 0, 0, 0, 0, 0, 0, 0, 0, 0, 0, 0, 0, 0, 0, 0, 0, 0, 0, 0, 0, 0, 0, 0, 0, 0, 0, 0, 0, 0, 0, 0, 0, 0, 0, 0, 0, 0, 0, 0, 0, 0, 0, 0, 0, 0, 0, 0, 0, 0, 0, 0, 0, 0, 0, 0, 0, 0, 0, 0, 0, 0, 0, 0, 0, 0, 0, 0, 0, 0, 0, 0, 0, 0, 0, 0, 0, 0, 0, 0, 0, 0, 0, 0, 0, 0, 0, 0, 0, 0, 0, 0, 0, 0, 0, 0, 0, 0, 0, 0, 0, 0, 0, 0, 0, 0, 0, 0, 0, 0, 0, 0, 0, 0, 0, 0, 0, 0, 0, 0, 0, 0, 0, 0, 0, 0, 0, 0, 0, 0, 0, 0, 0, 0, 0, 0, 0, 0, 0, 0, 0, 0, 0, 0, 0, 0, 0, 0, 0, 0, 0, 0, 0, 0, 0, 0, 0, 0, 0, 0, 0, 0, 0, 0, 0, 0, 0, 0, 0, 0, 0, 0, 0, 0, 0, 0, 0, 0, 0, 0, 0, 0, 0, 0, 0, 0, 0, 0, 0, 0, 0, 0, 0, 0, 0, 0, 0, 0, 0, 0, 0, 0, 0, 0, 0, 0, 0, 0, 0, 0, 0, 0, 0, 0, 0, 0, 0, 0, 0, 0, 0, 0, 0, 0, 0, 0, 0, 0, 0, 0, 0, 0, 0, 0, 0, 0, 0, 0, 0, 0, 0, 0, 0, 0, 0, 0, 0, 0, 0, 0, 0, 0, 0, 0, 0, 0, 0, 0, 0, 0, 0, 0, 0, 0, 0, 0, 0, 0, 0, 0, 0, 0, 0, 0, 0, 0, 0, 0, 0, 0, 0, 0, 0, 0, 0, 0, 0, 0, 0, 0, 0, 0, 0, 0, 0, 0, 0, 0, 0, 0, 0, 0, 0, 0, 0, 0, 0, 0, 0, 0, 0, 0, 0, 0, 0, 0, 0, 0, 0, 0, 0, 0, 0, 0, 0, 0, 0, 0, 0, 0, 0, 0, 0, 0, 0, 0, 0, 0, 0, 0, 0, 0, 0, 0, 0, 0, 0, 0, 0, 0, 0, 0, 0, 0, 0, 0, 0, 0, 0, 0, 0, 0, 0, 0, 0, 0, 0, 0, 0, 0, 0, 0, 0, 0, 0, 0, 0, 0, 0, 0, 0, 0, 0, 0, 0, 0, 0, 0, 0, 0, 0, 0, 0, 0, 0, 0, 0, 0, 0, 0, 0, 0, 0, 0, 0, 0, 0, 0, 0, 0, 0, 0, 0, 0, 0, 0, 0, 0, 0, 0, 0, 0, 0, 0, 0, 0, 0, 0, 0, 0, 0, 0, 0, 0, 0, 0, 0, 0, 0, 0, 0, 0, 0, 0, 0, 0, 0, 0, 0, 0, 0, 0, 0, 0, 0, 0, 0, 0, 0, 0, 0, 0, 0, 0, 0, 0, 0, 0, 0, 0, 0, 0, 0, 0, 0, 0, 0, 0, 0, 0, 0, 0, 0, 0, 0, 0, 0, 0, 0, 0, 0, 0, 0, 0, 0, 0, 0, 0, 0, 0, 0, 0, 0, 0, 0, 0, 0, 0, 0, 0, 0, 0, 0, 0, 0, 0, 0, 0, 0, 0, 0, 0, 0, 0, 0, 0, 0, 0, 0, 0, 0, 0, 0, 0, 0, 0, 0, 0, 0, 0, 0, 0, 0, 0, 0, 0, 0, 0, 0, 0, 0, 0, 0, 0, 0, 0, 0, 0, 0, 0, 0, 0, 0, 0, 0, 0, 0, 0, 0, 0, 0, 0, 0, 0, 0, 0, 0, 0, 0, 0, 0, 0, 0, 0, 0, 0, 0, 0, 0, 0, 0, 0, 0, 0, 0, 0, 0, 0, 0, 0, 0, 0, 0, 0, 0, 0, 0, 0, 0, 0, 0, 0, 0, 0, 0, 0, 0, 0, 0, 0, 0, 0, 0, 0, 0, 0, 0, 0, 0, 0, 0, 0, 0, 0, 0, 0, 0, 0, 0, 0, 0, 0, 0, 0, 0, 0, 0, 0, 0, 0, 0, 0, 0, 0, 0, 0, 0, 0, 0, 0, 0, 0, 0, 0, 0, 0, 0, 0, 0, 0, 0, 0, 0, 0, 0, 0, 0, 0, 0, 0, 0, 0, 0, 0, 0, 0, 0, 0, 0, 0, 0, 0, 0, 0, 0, 0, 0, 0, 0, 0, 0, 0, 0, 0, 0, 0, 0, 0, 0, 0, 0, 0, 0, 0, 0, 0, 0, 0, 0, 0, 0, 0, 0, 0, 0, 0, 0, 0]
 right: [112, 182, 177, 58, 95, 242, 179, 52, 247, 14, 154, 89, 151, 61, 157, 136, 98, 5, 98, 241, 127, 70, 57, 32, 101, 118, 179, 207, 62, 145, 109, 233, 68, 59, 168, 237, 155, 113, 37, 177, 104, 47, 111, 141, 40, 77, 95, 13, 41, 159, 83, 23, 136, 44, 144, 115, 66, 247, 73, 241, 162, 156, 41, 221, 208, 223, 87, 182, 213, 106, 44, 27, 173, 99, 133, 0, 181, 42, 128, 147, 177, 147, 105, 216, 98, 29, 214, 162, 136, 4, 227, 205, 40, 221, 77, 92, 2, 110, 168, 212, 221, 195, 162, 246, 233, 30, 14, 86, 223, 120, 157, 97, 9, 10, 60, 84, 108, 134, 62, 27, 121, 234, 6, 227, 162, 183, 243, 233, 22, 253, 132, 4, 198, 37, 15, 34, 191, 139, 30, 133, 110, 177, 100, 232, 84, 138, 129, 32, 237, 27, 207, 116, 219, 8, 244, 217, 189, 66, 130, 56, 211, 23, 67, 52, 130, 79, 57, 78, 2, 18, 113, 63, 106, 114, 196, 250, 48, 126, 253, 66, 195, 92, 24, 133, 54, 218, 212, 80, 186, 250, 135, 110, 25, 72, 132, 245, 83, 36, 53, 192, 197, 124, 54, 147, 199, 209, 148, 44, 32, 177, 84, 44, 168, 39, 85, 208, 91, 160, 37, 71, 251, 47, 31, 96, 72, 211, 80, 56, 77, 119, 161, 220, 206, 177, 0, 163, 4, 195, 95, 129, 152, 98, 96, 41, 161, 41, 12, 164, 207, 247, 246, 202, 97, 251, 27, 253, 121, 200, 135, 159, 104, 209, 163, 72, 213, 140, 75, 148, 43, 3, 104, 33, 133, 63, 250, 41, 69, 84, 82, 166, 136, 141, 92, 253, 233, 127, 3, 105, 18, 145, 70, 156, 167, 72, 249, 10, 79, 235, 51, 31, 144, 168, 34, 172, 198, 232, 231, 34, 153, 48, 84, 24, 118, 73, 41, 58, 241, 236, 89, 38, 166, 6, 40, 124, 234, 213, 200, 214, 173, 196, 225, 164, 196, 115, 233, 115, 246, 108, 216, 212, 78, 103, 71, 65, 19, 57, 41, 2, 145, 31, 179, 202, 234, 171, 140, 228, 136, 80, 7, 187, 142, 20, 229, 208, 61, 34, 20, 191, 85, 16, 80, 45, 43, 59, 103, 16, 68, 70, 187, 33, 217, 8, 18, 133, 201, 203, 185, 248, 119, 231, 33, 43, 45, 203, 22, 31, 59, 58, 93, 80, 201, 183, 155, 58, 10, 23, 183, 27, 148, 165, 67, 111, 180, 121, 81, 75, 139, 90, 210, 229, 29, 233, 200, 106, 8, 54, 90, 83, 154, 7, 51, 82, 171, 234, 232, 107, 96, 64, 53, 159, 39, 78, 245, 249, 53, 199, 98, 197, 158, 56, 224, 122, 44, 31, 1, 152, 210, 17, 172, 177, 203, 68, 219, 1, 163, 61, 161, 173, 28, 10, 66, 5, 56, 34, 91, 111, 82, 143, 146, 103, 185, 5, 199, 63, 240, 1, 220, 224, 30, 193, 109, 11, 201, 251, 101, 131, 61, 89, 14, 139, 210, 84, 71, 173, 0, 98, 110, 22, 239, 82, 91, 5, 198, 21, 169, 146, 60, 136, 174, 11, 64, 183, 55, 182, 224, 97, 194, 49, 224, 34, 40, 81, 112, 184, 55, 11, 74, 46, 124, 106, 149, 5, 131, 243, 122, 42, 61, 39, 36, 72, 178, 155, 204, 101, 218, 105, 51, 22, 78, 164, 142, 130, 231, 83, 166, 20, 24, 156, 122, 64, 170, 13, 54, 164, 70, 151, 43, 97, 125, 185, 230, 194, 200, 243, 49, 149, 198, 103, 92, 49, 97, 50, 228, 127, 198, 142, 209, 65, 132, 116, 132, 195, 81, 222, 138, 242, 79, 153, 175, 104, 135, 112, 38, 173, 39, 192, 182, 198, 158, 70, 38, 218, 160, 215, 36, 57, 74, 184, 240, 17, 4, 88, 176, 137, 173, 223, 46, 126, 222, 154, 213, 25, 158, 40, 98, 133, 129, 152, 30, 235, 122, 247, 208, 182, 53, 32, 162, 88, 183, 227, 165, 15, 86, 106, 148, 83, 59, 163, 50, 73, 155, 220, 193, 131, 192, 218, 32, 207, 32, 68, 142, 31, 0, 96, 56, 228, 55, 40, 75, 1, 114, 12, 25, 12, 196, 215, 164, 61, 176, 54, 60, 83, 163, 215, 187, 247, 170, 15, 163, 186, 68, 157, 123, 211, 134, 65, 150, 106, 164, 62, 44, 156, 26, 70, 149, 105, 171, 29, 66, 40, 104, 137, 129, 30, 103, 132, 202, 112, 204, 227, 178, 205, 37, 183, 148, 162, 188, 117, 209, 247, 1, 89, 59, 78, 36, 65, 96, 164, 164, 167, 165, 138, 20, 111, 247, 218, 95, 125, 152, 78, 13, 110, 83, 108, 111, 138, 100, 69, 41, 216, 130, 17, 20, 224, 187, 146, 78, 213, 8, 21, 92, 178, 30, 152, 35, 214, 233, 239, 128, 46, 245, 88, 80, 68, 104, 89, 130, 150, 250, 103, 230, 166, 217, 188, 42, 132, 127, 124, 172, 57, 17, 124, 193, 78, 228, 229, 141, 217, 101, 137, 13, 122, 232, 105, 178, 220, 137, 239, 220, 98, 211, 86, 56, 246, 46, 139, 39, 40, 3, 84, 82, 176, 184, 190, 144, 65, 66, 217, 17, 96, 19, 53, 41, 222, 118, 121, 97, 99, 132, 58, 186, 48, 155, 130, 42, 252, 255, 162, 49, 127, 126, 135, 120, 240, 94, 91, 158, 77, 74, 13, 134, 46, 11, 143, 69, 31, 160, 215, 69, 195, 58, 192, 6, 228, 95, 98, 80, 4, 12, 60, 117, 170, 85, 118, 233, 125, 160, 182, 101, 232, 63, 11, 48, 223, 94, 111, 60, 244, 196, 194, 134, 187, 58, 246, 211, 106, 215, 29, 166, 14, 137, 103, 213, 16, 227, 97, 163, 86, 170, 216, 153, 165, 82, 227, 184, 196, 115, 145, 123, 70, 15, 239, 65, 10, 54, 52, 26, 118, 189, 86, 105, 96, 218, 84, 61, 160, 34, 32, 55, 20, 12, 218, 169, 19, 210, 245, 23, 86, 249, 152, 57, 128, 149, 184, 31, 153, 75, 17, 30, 82, 9, 64, 176, 85, 21, 68, 50, 144, 3, 184, 193, 86, 208, 154, 201, 153, 194, 223, 43, 254, 221, 207, 78, 188]
note: run with `RUST_BACKTRACE=1` environment variable to display a backtrace
