   Compiling fhe v0.1.1 (/app/crates/fhe)
    Finished `release` profile [optimized] target(s) in 19.54s
     Running `target/release/examples/mulpir`
# MulPIR with fhe.rs
database of 64.00 MiB
	database_size = 65536
	elements_size = 1024
⏱  Database generation: 97.8 ms
⏱  Parameters generation: 84.1 ms
number_rows = 4096
number_elements_per_plaintext = 16
dimensions = 128 32
dimension = 4096
⏱  Database preprocessing: 4393.1 ms
level = 8
⏱  Client setup: 150.8 ms
📄 Evaluation key (expansion): 1.41 MiB
📄 Relinearization key: 180.05 KiB
⏱  Server setup: 39.4 ms
⏱  Client query: 2.4 ms
📄 Query: 60.05 KiB
Expand: 1.070809904s
Expand: 790.851089ms
Expand: 784.214169ms
Expand: 782.318557ms
Expand: 783.870631ms
⏱  Server response: 1242.5 ms
📄 Response: 120.03 KiB
Noise in response: Ok(43)
⏱  Client answer: 5.8 ms

thread 'main' (13367) panicked at crates/fhe/examples/mulpir.rs:209:5:
assertion `left == right` failed
  left: [15, 253, 0, 0, 0, 0, 0, 0, 0, 0, 0, 0, 0, 0, 0, 0, 0, 0, 0, 0, 0, 0, 0, 0, 0, 0, 0, 0, 0, 0, 0, 0, 0, 0, 0, 0, 0, 0, 0, 0, 0, 0, 0, 0, 0, 0, 0, 0, 0, 0, 0, 0, 0, 0, 0, 0, 0, 0, 0, 0, 0, 0, 0, 0, 0, 0, 0, 0, 0, 0, 0, 0, 0, 0, 0, 0, 0, 0, 0, 0, 0, 0, 0, 0, 0, 0, 0, 0, 0, 0, 0, 0, 0, 0, 0, 0, 0, 0, 0, 0, 0, 0, 0, 0, 0, 0, 0, 0, 0, 0, 0, 0, 0, 0, 0, 0, 0, 0, 0, 0, 0, 0, 0, 0, 0, 0, 0, 0, 0, 0, 0, 0, 0, 0, 0, 0, 0, 0, 0, 0, 0, 0, 0, 0, 0, 0, 0, 0, 0, 0, 0, 0, 0, 0, 0, 0, 0, 0, 0, 0, 0, 0, 0, 0, 0, 0, 0, 0, 0, 0, 0, 0, 0, 0, 0, 0, 0, 0, 0, 0, 0, 0, 0, 0, 0, 0, 0, 0, 0, 0, 0, 0, 0, 0, 0, 0, 0, 0, 0, 0, 0, 0, 0, 0, 0, 0, 0, 0, 0, 0, 0, 0, 0, 0, 0, 0, 0, 0, 0, 0, 0, 0, 0, 0, 0, 0, 0, 0, 0, 0, 0, 0, 0, 0, 0, 0, 0, 0, 0, 0, 0, 0, 0, 0, 0, 0, 0, 0, 0, 0, 0, 0, 0, 0, 0, 0, 0, 0, 0, 0, 0, 0, 0, 0, 0, 0, 0, 0, 0, 0, 0, 0, 0, 0, 0, 0, 0, 0, 0, 0, 0, 0, 0, 0, 0, 0, 0, 0, 0, 0, 0, 0, 0, 0, 0, 0, 0, 0, 0, 0, 0, 0, 0, 0, 0, 0, 0, 0, 0, 0, 0, 0, 0, 0, 0, 0, 0, 0, 0, 0, 0, 0, 0, 0, 0, 0, 0, 0, 0, 0, 0, 0, 0, 0, 0, 0, 0, 0, 0, 0, 0, 0, 0, 0, 0, 0, 0, 0, 0, 0, 0, 0, 0, 0, 0, 0, 0, 0, 0, 0, 0, 0, 0, 0, 0, 0, 0, 0, 0, 0, 0, 0, 0, 0, 0, 0, 0, 0, 0, 0, 0, 0, 0, 0, 0, 0, 0, 0, 0, 0, 0, 0, 0, 0, 0, 0, 0, 0, 0, 0, 0, 0, 0, 0, 0, 0, 0, 0, 0, 0, 0, 0, 0, 0, 0, 0, 0, 0, 0, 0, 0, 0, 0, 0, 0, 0, 0, 0, 0, 0, 0, 0, 0, 0, 0, 0, 0, 0, 0, 0, 0, 0, 0, 0, 0, 0, 0, 0, 0, 0, 0, 0, 0, 0, 0, 0, 0, 0, 0, 0, 0, 0, 0, 0, 0, 0, 0, 0, 0, 0, 0, 0, 0, 0, 0, 0, 0, 0, 0, 0, 0, 0, 0, 0, 0, 0, 0, 0, 0, 0, 0, 0, 0, 0, 0, 0, 0, 0, 0, 0, 0, 0, 0, 0, 0, 0, 0, 0, 0, 0, 0, 0, 0, 0, 0, 0, 0, 0, 0, 0, 0, 0, 0, 0, 0, 0, 0, 0, 0, 0, 0, 0, 0, 0, 0, 0, 0, 0, 0, 0, 0, 0, 0, 0, 0, 0, 0, 0, 0, 0, 0, 0, 0, 0, 0, 0, 0, 0, 0, 0, 0, 0, 0, 0, 0, 0, 0, 0, 0, 0, 0, 0, 0, 0, 0, 0, 0, 0, 0, 0, 0, 0, 0, 0, 0, 0, 0, 0, 0, 0, 0, 0, 0, 0, 0, 0, 0, 0, 0, 0, 0, 0, 0, 0, 0, 0, 0, 0, 0, 0, 0, 0, 0, 0, 0, 0, 0, 0, 0, 0, 0, 0, 0, 0, 0, 0, 0, 0, 0, 0, 0, 0, 0, 0, 0, 0, 0, 0, 0, 0, 0, 0, 0, 0, 0, 0, 0, 0, 0, 0, 0, 0, 0, 0, 0, 0, 0, 0, 0, 0, 0, 0, 0, 0, 0, 0, 0, 0, 0, 0, 0, 0, 0, 0, 0, 0, 0, 0, 0, 0, 0, 0, 0, 0, 0, 0, 0, 0, 0, 0, 0, 0, 0, 0, 0, 0, 0, 0, 0, 0, 0, 0, 0, 0, 0, 0, 0, 0, 0, 0, 0, 0, 0, 0, 0, 0, 0, 0, 0, 0, 0, 0, 0, 0, 0, 0, 0, 0, 0, 0, 0, 0, 0, 0, 0, 0, 0, 0, 0, 0, 0, 0, 0, 0, 0, 0, 0, 0, 0, 0, 0, 0, 0, 0, 0, 0, 0, 0, 0, 0, 0, 0, 0, 0, 0, 0, 0, 0, 0, 0, 0, 0, 0, 0, 0, 0, 0, 0, 0, 0, 0, 0, 0, 0, 0, 0, 0, 0, 0, 0, 0, 0, 0, 0, 0, 0, 0, 0, 0, 0, 0, 0, 0, 0, 0, 0, 0, 0, 0, 0, 0, 0, 0, 0, 0, 0, 0, 0, 0, 0, 0, 0, 0, 0, 0, 0, 0, 0, 0, 0, 0, 0, 0, 0, 0, 0, 0, 0, 0, 0, 0, 0, 0, 0, 0, 0, 0, 0, 0, 0, 0, 0, 0, 0, 0, 0, 0, 0, 0, 0, 0, 0, 0, 0, 0, 0, 0, 0, 0, 0, 0, 0, 0, 0, 0, 0, 0, 0, 0, 0, 0, 0, 0, 0, 0, 0, 0, 0, 0, 0, 0, 0, 0, 0, 0, 0, 0, 0, 0, 0, 0, 0, 0, 0, 0, 0, 0, 0, 0, 0, 0, 0, 0, 0, 0, 0, 0, 0, 0, 0, 0, 0, 0, 0, 0, 0, 0, 0, 0, 0, 0, 0, 0, 0, 0, 0, 0, 0, 0, 0, 0, 0, 0, 0, 0, 0, 0, 0, 0, 0, 0, 0, 0, 0, 0, 0, 0, 0, 0, 0, 0, 0, 0, 0, 0, 0, 0, 0, 0, 0, 0, 0, 0, 0, 0, 0, 0, 0, 0, 0, 0, 0, 0, 0, 0, 0, 0, 0, 0, 0, 0, 0, 0, 0, 0, 0, 0, 0, 0, 0, 0, 0, 0, 0, 0, 0, 0, 0, 0, 0, 0, 0, 0, 0, 0, 0, 0, 0, 0, 0, 0, 0, 0, 0]
 right: [81, 236, 169, 200, 4, 201, 132, 181, 244, 254, 203, 39, 28, 233, 200, 46, 150, 110, 68, 94, 94, 122, 136, 117, 221, 172, 125, 214, 185, 234, 48, 181, 104, 64, 89, 11, 137, 26, 76, 72, 232, 132, 166, 217, 3, 85, 139, 154, 198, 12, 165, 226, 165, 130, 7, 53, 187, 35, 96, 41, 70, 188, 155, 77, 227, 148, 79, 142, 26, 175, 13, 42, 132, 76, 82, 23, 186, 158, 97, 2, 107, 115, 13, 247, 139, 107, 179, 59, 176, 89, 12, 227, 140, 137, 125, 165, 235, 56, 109, 89, 250, 105, 164, 73, 192, 181, 143, 218, 44, 227, 49, 68, 253, 21, 209, 205, 7, 112, 63, 139, 93, 141, 86, 207, 226, 47, 197, 26, 138, 250, 130, 170, 176, 102, 5, 3, 90, 43, 101, 36, 223, 125, 155, 162, 75, 167, 139, 170, 27, 31, 117, 53, 149, 144, 64, 138, 19, 74, 67, 128, 116, 182, 215, 103, 135, 86, 110, 164, 161, 211, 116, 207, 63, 124, 198, 211, 185, 239, 11, 121, 194, 249, 193, 247, 254, 251, 155, 221, 21, 51, 228, 103, 0, 135, 181, 51, 79, 26, 128, 182, 42, 95, 237, 229, 32, 187, 151, 41, 37, 109, 179, 89, 121, 95, 57, 144, 194, 66, 28, 15, 77, 64, 251, 254, 102, 198, 22, 37, 3, 214, 184, 88, 162, 73, 141, 151, 169, 63, 248, 14, 68, 117, 118, 8, 160, 243, 229, 137, 86, 210, 115, 195, 63, 161, 82, 45, 211, 218, 94, 150, 124, 163, 112, 146, 147, 117, 129, 134, 227, 114, 191, 34, 56, 127, 176, 132, 71, 214, 152, 158, 125, 99, 135, 97, 42, 30, 77, 33, 194, 7, 181, 63, 0, 196, 52, 241, 26, 247, 6, 101, 185, 5, 194, 39, 127, 217, 112, 176, 96, 112, 36, 48, 127, 252, 112, 26, 129, 83, 212, 6, 107, 56, 60, 197, 218, 150, 136, 145, 164, 111, 21, 3, 227, 16, 76, 5, 81, 110, 62, 144, 109, 165, 18, 214, 21, 144, 233, 239, 19, 212, 224, 143, 23, 185, 42, 209, 255, 69, 136, 148, 6, 5, 14, 58, 127, 204, 149, 18, 100, 181, 217, 71, 142, 45, 135, 211, 66, 75, 123, 167, 111, 52, 112, 247, 237, 111, 169, 216, 142, 106, 211, 228, 194, 100, 239, 230, 49, 186, 179, 148, 27, 196, 245, 193, 0, 93, 19, 194, 16, 165, 11, 167, 153, 207, 149, 152, 207, 253, 170, 22, 8, 200, 121, 94, 112, 218, 115, 130, 141, 79, 191, 105, 104, 186, 124, 130, 126, 2, 8, 231, 1, 82, 206, 177, 75, 218, 32, 3, 26, 218, 4, 93, 136, 152, 75, 245, 206, 213, 229, 232, 129, 71, 162, 127, 188, 254, 194, 60, 229, 207, 11, 154, 58, 138, 69, 8, 175, 1, 142, 114, 55, 50, 212, 154, 253, 140, 19, 7, 181, 235, 72, 107, 233, 1, 175, 239, 14, 152, 177, 186, 177, 49, 79, 18, 115, 180, 169, 41, 252, 67, 167, 205, 211, 239, 88, 64, 12, 170, 10, 27, 108, 206, 160, 57, 5, 70, 74, 246, 230, 49, 13, 172, 194, 117, 169, 68, 140, 91, 158, 195, 110, 166, 217, 17, 31, 211, 242, 8, 50, 177, 189, 64, 4, 68, 99, 71, 188, 25, 255, 184, 58, 23, 66, 105, 43, 29, 214, 111, 98, 243, 145, 180, 2, 176, 71, 1, 238, 101, 223, 42, 227, 83, 62, 70, 156, 141, 248, 201, 12, 227, 161, 156, 111, 150, 71, 245, 9, 255, 195, 148, 189, 60, 174, 46, 189, 68, 192, 185, 248, 175, 2, 12, 132, 246, 221, 44, 190, 31, 226, 51, 93, 108, 209, 182, 36, 242, 129, 249, 78, 160, 26, 56, 145, 35, 191, 248, 48, 152, 27, 216, 27, 199, 35, 211, 129, 175, 107, 134, 51, 123, 4, 193, 188, 2, 229, 52, 120, 169, 133, 173, 18, 76, 164, 134, 203, 224, 74, 191, 222, 18, 48, 206, 89, 178, 199, 214, 126, 121, 22, 32, 54, 60, 109, 8, 145, 58, 206, 152, 38, 31, 249, 188, 106, 7, 53, 193, 31, 215, 252, 48, 160, 173, 212, 104, 130, 59, 173, 174, 131, 125, 49, 53, 95, 173, 8, 227, 156, 4, 62, 166, 215, 9, 62, 146, 213, 42, 82, 113, 150, 206, 229, 245, 89, 63, 226, 251, 69, 197, 15, 56, 17, 223, 190, 165, 246, 19, 45, 197, 25, 223, 103, 127, 124, 64, 46, 159, 144, 114, 195, 42, 126, 104, 71, 244, 245, 19, 129, 213, 180, 228, 4, 188, 220, 121, 5, 186, 76, 110, 104, 0, 95, 200, 102, 33, 114, 17, 45, 45, 223, 35, 184, 159, 242, 49, 124, 217, 228, 133, 60, 247, 238, 7, 127, 204, 33, 81, 175, 29, 179, 155, 163, 187, 88, 182, 175, 194, 169, 200, 106, 47, 49, 106, 194, 186, 54, 212, 108, 83, 33, 54, 9, 54, 205, 143, 120, 236, 2, 205, 123, 51, 110, 8, 93, 105, 105, 206, 221, 143, 209, 173, 207, 69, 237, 186, 116, 204, 224, 151, 18, 245, 83, 249, 108, 36, 0, 25, 195, 60, 40, 179, 96, 152, 247, 197, 122, 47, 225, 7, 203, 20, 26, 165, 82, 127, 27, 10, 34, 82, 255, 216, 193, 233, 15, 3, 4, 145, 122, 66, 148, 100, 128, 242, 246, 131, 220, 115, 243, 231, 134, 28, 66, 79, 221, 80, 45, 81, 16, 35, 75, 223, 53, 255, 219, 199, 67, 67, 139, 136, 33, 249, 88, 204, 103, 117, 132, 10, 174, 61, 206, 201, 3, 135, 42, 246, 15, 83, 137, 162, 8, 198, 75, 8, 50, 130, 239, 43, 117, 229, 131, 237, 244, 128, 14, 30, 63, 60, 236, 67, 240, 155, 117, 77, 202, 227, 170, 233, 121, 24, 162, 12, 35, 34, 163, 145, 223, 250, 174, 45, 249, 98, 76, 233, 169, 14, 147, 224, 66, 238, 69, 252, 240, 167, 204, 173, 64, 203, 5, 169, 14, 151, 182, 168, 97, 103, 24, 227, 2, 183, 126, 209, 142, 82, 226, 127]
note: run with `RUST_BACKTRACE=1` environment variable to display a backtrace
