   Compiling fhe v0.1.1 (/app/crates/fhe)
    Finished `release` profile [optimized] target(s) in 2.46s
     Running `target/release/examples/mulpir`
# MulPIR with fhe.rs
database of 64.00 MiB
	database_size = 65536
	elements_size = 1024
⏱  Database generation: 267 ms
⏱  Parameters generation: 188.2 ms
number_rows = 3277
number_elements_per_plaintext = 20
dimensions = 58 57
dimension = 3306
⏱  Database preprocessing: 4391.7 ms
level = 7
⏱  Client setup: 251.9 ms
📄 Evaluation key (expansion): 2.22 MiB
📄 Relinearization key: 100.06 KiB
⏱  Server setup: 69.8 ms
⏱  Client query: 4 ms
📄 Query: 100.05 KiB
Expand: 1.018526304s
Expand: 760.270214ms
Expand: 750.703606ms
Expand: 746.72642ms
Expand: 747.194888ms
⏱  Server response: 1452.3 ms
📄 Response: 100.03 KiB
Noise in response: Ok(29)
⏱  Client answer: 6.3 ms

thread 'main' (5792) panicked at crates/fhe/examples/mulpir.rs:213:5:
assertion `left == right` failed
  left: [11, 194, 0, 0, 0, 0, 0, 0, 0, 0, 0, 0, 0, 0, 0, 0, 0, 0, 0, 0, 0, 0, 0, 0, 0, 0, 0, 0, 0, 0, 0, 0, 0, 0, 0, 0, 0, 0, 0, 0, 0, 0, 0, 0, 0, 0, 0, 0, 0, 0, 0, 0, 0, 0, 0, 0, 0, 0, 0, 0, 0, 0, 0, 0, 0, 0, 0, 0, 0, 0, 0, 0, 0, 0, 0, 0, 0, 0, 0, 0, 0, 0, 0, 0, 0, 0, 0, 0, 0, 0, 0, 0, 0, 0, 0, 0, 0, 0, 0, 0, 0, 0, 0, 0, 0, 0, 0, 0, 0, 0, 0, 0, 0, 0, 0, 0, 0, 0, 0, 0, 0, 0, 0, 0, 0, 0, 0, 0, 0, 0, 0, 0, 0, 0, 0, 0, 0, 0, 0, 0, 0, 0, 0, 0, 0, 0, 0, 0, 0, 0, 0, 0, 0, 0, 0, 0, 0, 0, 0, 0, 0, 0, 0, 0, 0, 0, 0, 0, 0, 0, 0, 0, 0, 0, 0, 0, 0, 0, 0, 0, 0, 0, 0, 0, 0, 0, 0, 0, 0, 0, 0, 0, 0, 0, 0, 0, 0, 0, 0, 0, 0, 0, 0, 0, 0, 0, 0, 0, 0, 0, 0, 0, 0, 0, 0, 0, 0, 0, 0, 0, 0, 0, 0, 0, 0, 0, 0, 0, 0, 0, 0, 0, 0, 0, 0, 0, 0, 0, 0, 0, 0, 0, 0, 0, 0, 0, 0, 0, 0, 0, 0, 0, 0, 0, 0, 0, 0, 0, 0, 0, 0, 0, 0, 0, 0, 0, 0, 0, 0, 0, 0, 0, 0, 0, 0, 0, 0, 0, 0, 0, 0, 0, 0, 0, 0, 0, 0, 0, 0, 0, 0, 0, 0, 0, 0, 0, 0, 0, 0, 0, 0, 0, 0, 0, 0, 0, 0, 0, 0, 0, 0, 0, 0, 0, 0, 0, 0, 0, 0, 0, 0, 0, 0, 0, 0, 0, 0, 0, 0, 0, 0, 0, 0, 0, 0, 0, 0, 0, 0, 0, 0, 0, 0, 0, 0, 0, 0, 0, 0, 0, 0, 0, 0, 0, 0, 0, 0, 0, 0, 0, 0, 0, 0, 0, 0, 0, 0, 0, 0, 0, 0, 0, 0, 0, 0, 0, 0, 0, 0, 0, 0, 0, 0, 0, 0, 0, 0, 0, 0, 0, 0, 0, 0, 0, 0, 0, 0, 0, 0, 0, 0, 0, 0, 0, 0, 0, 0, 0, 0, 0, 0, 0, 0, 0, 0, 0, 0, 0, 0, 0, 0, 0, 0, 0, 0, 0, 0, 0, 0, 0, 0, 0, 0, 0, 0, 0, 0, 0, 0, 0, 0, 0, 0, 0, 0, 0, 0, 0, 0, 0, 0, 0, 0, 0, 0, 0, 0, 0, 0, 0, 0, 0, 0, 0, 0, 0, 0, 0, 0, 0, 0, 0, 0, 0, 0, 0, 0, 0, 0, 0, 0, 0, 0, 0, 0, 0, 0, 0, 0, 0, 0, 0, 0, 0, 0, 0, 0, 0, 0, 0, 0, 0, 0, 0, 0, 0, 0, 0, 0, 0, 0, 0, 0, 0, 0, 0, 0, 0, 0, 0, 0, 0, 0, 0, 0, 0, 0, 0, 0, 0, 0, 0, 0, 0, 0, 0, 0, 0, 0, 0, 0, 0, 0, 0, 0, 0, 0, 0, 0, 0, 0, 0, 0, 0, 0, 0, 0, 0, 0, 0, 0, 0, 0, 0, 0, 0, 0, 0, 0, 0, 0, 0, 0, 0, 0, 0, 0, 0, 0, 0, 0, 0, 0, 0, 0, 0, 0, 0, 0, 0, 0, 0, 0, 0, 0, 0, 0, 0, 0, 0, 0, 0, 0, 0, 0, 0, 0, 0, 0, 0, 0, 0, 0, 0, 0, 0, 0, 0, 0, 0, 0, 0, 0, 0, 0, 0, 0, 0, 0, 0, 0, 0, 0, 0, 0, 0, 0, 0, 0, 0, 0, 0, 0, 0, 0, 0, 0, 0, 0, 0, 0, 0, 0, 0, 0, 0, 0, 0, 0, 0, 0, 0, 0, 0, 0, 0, 0, 0, 0, 0, 0, 0, 0, 0, 0, 0, 0, 0, 0, 0, 0, 0, 0, 0, 0, 0, 0, 0, 0, 0, 0, 0, 0, 0, 0, 0, 0, 0, 0, 0, 0, 0, 0, 0, 0, 0, 0, 0, 0, 0, 0, 0, 0, 0, 0, 0, 0, 0, 0, 0, 0, 0, 0, 0, 0, 0, 0, 0, 0, 0, 0, 0, 0, 0, 0, 0, 0, 0, 0, 0, 0, 0, 0, 0, 0, 0, 0, 0, 0, 0, 0, 0, 0, 0, 0, 0, 0, 0, 0, 0, 0, 0, 0, 0, 0, 0, 0, 0, 0, 0, 0, 0, 0, 0, 0, 0, 0, 0, 0, 0, 0, 0, 0, 0, 0, 0, 0, 0, 0, 0, 0, 0, 0, 0, 0, 0, 0, 0, 0, 0, 0, 0, 0, 0, 0, 0, 0, 0, 0, 0, 0, 0, 0, 0, 0, 0, 0, 0, 0, 0, 0, 0, 0, 0, 0, 0, 0, 0, 0, 0, 0, 0, 0, 0, 0, 0, 0, 0, 0, 0, 0, 0, 0, 0, 0, 0, 0, 0, 0, 0, 0, 0, 0, 0, 0, 0, 0, 0, 0, 0, 0, 0, 0, 0, 0, 0, 0, 0, 0, 0, 0, 0, 0, 0, 0, 0, 0, 0, 0, 0, 0, 0, 0, 0, 0, 0, 0, 0, 0, 0, 0, 0, 0, 0, 0, 0, 0, 0, 0, 0, 0, 0, 0, 0, 0, 0, 0, 0, 0, 0, 0, 0, 0, 0, 0, 0, 0, 0, 0, 0, 0, 0, 0, 0, 0, 0, 0, 0, 0, 0, 0, 0, 0, 0, 0, 0, 0, 0, 0, 0, 0, 0, 0, 0, 0, 0, 0, 0, 0, 0, 0, 0, 0, 0, 0, 0, 0, 0, 0, 0, 0, 0, 0, 0, 0, 0, 0, 0, 0, 0, 0, 0, 0, 0, 0, 0, 0, 0, 0, 0, 0, 0, 0, 0, 0, 0, 0, 0, 0, 0, 0, 0, 0, 0, 0, 0, 0, 0, 0, 0, 0, 0, 0, 0, 0, 0, 0, 0, 0, 0, 0, 0, 0, 0, 0, 0, 0, 0, 0, 0, 0, 0, 0, 0]
 right: [188, 247, 154, 224, 75, 235, 76, 47, 178, 2, 242, 13, 59, 80, 68, 173, 211, 124, 127, 111, 237, 24, 20, 251, 239, 77, 84, 215, 149, 78, 85, 255, 212, 152, 46, 160, 13, 99, 26, 233, 160, 222, 137, 82, 6, 23, 14, 232, 229, 182, 181, 255, 233, 144, 108, 181, 142, 19, 208, 88, 100, 195, 199, 152, 27, 103, 172, 195, 205, 61, 131, 78, 227, 161, 44, 104, 250, 188, 175, 212, 59, 1, 18, 86, 35, 42, 40, 149, 101, 104, 250, 238, 208, 109, 155, 93, 35, 138, 184, 33, 59, 53, 56, 187, 174, 123, 130, 82, 86, 206, 114, 220, 100, 139, 114, 121, 182, 96, 145, 181, 15, 39, 25, 125, 102, 214, 71, 211, 69, 108, 138, 20, 137, 71, 103, 228, 134, 46, 12, 105, 57, 28, 71, 220, 144, 245, 254, 166, 7, 189, 35, 137, 172, 101, 119, 69, 89, 65, 104, 150, 216, 29, 150, 249, 201, 37, 71, 143, 147, 178, 227, 75, 246, 214, 65, 220, 123, 9, 56, 38, 183, 198, 5, 165, 151, 117, 25, 55, 213, 53, 37, 157, 15, 212, 82, 162, 28, 220, 125, 37, 65, 134, 228, 183, 96, 97, 209, 241, 18, 81, 175, 81, 218, 62, 112, 49, 152, 65, 142, 84, 1, 202, 114, 136, 46, 189, 105, 110, 199, 114, 91, 189, 117, 172, 89, 244, 203, 226, 157, 234, 142, 233, 232, 236, 226, 63, 97, 158, 152, 138, 8, 244, 90, 18, 117, 243, 105, 10, 199, 3, 192, 209, 179, 51, 48, 153, 91, 159, 78, 2, 121, 176, 200, 145, 87, 142, 14, 185, 197, 186, 110, 239, 106, 43, 84, 102, 133, 17, 133, 86, 170, 38, 138, 42, 15, 109, 22, 145, 63, 55, 186, 145, 218, 30, 195, 3, 232, 18, 141, 27, 32, 53, 58, 4, 7, 171, 253, 142, 32, 41, 120, 205, 230, 75, 116, 4, 8, 24, 61, 177, 205, 26, 245, 227, 37, 195, 188, 253, 224, 249, 124, 67, 98, 47, 175, 190, 68, 108, 144, 157, 202, 226, 103, 224, 121, 2, 6, 189, 153, 217, 160, 204, 210, 171, 134, 83, 116, 105, 127, 131, 210, 184, 21, 20, 183, 158, 128, 39, 165, 25, 134, 131, 34, 34, 171, 188, 7, 23, 205, 66, 145, 107, 220, 205, 164, 113, 168, 125, 252, 5, 33, 145, 165, 136, 151, 80, 14, 67, 163, 15, 100, 21, 83, 14, 134, 248, 24, 108, 82, 161, 23, 53, 2, 201, 35, 195, 188, 131, 57, 208, 246, 92, 230, 137, 122, 111, 24, 251, 59, 88, 12, 181, 145, 0, 58, 177, 127, 226, 170, 67, 50, 29, 242, 220, 138, 151, 37, 152, 108, 179, 80, 4, 103, 130, 192, 172, 43, 254, 226, 65, 152, 123, 132, 142, 22, 133, 116, 105, 202, 200, 194, 53, 182, 136, 156, 94, 96, 145, 3, 145, 225, 83, 244, 167, 83, 10, 101, 169, 96, 10, 124, 249, 251, 46, 145, 243, 0, 51, 2, 37, 232, 25, 121, 37, 10, 33, 9, 16, 126, 41, 219, 225, 92, 120, 140, 8, 189, 227, 181, 46, 63, 219, 42, 6, 56, 125, 184, 37, 35, 148, 44, 18, 40, 224, 23, 92, 49, 200, 42, 79, 31, 41, 40, 26, 92, 125, 166, 241, 115, 41, 212, 90, 33, 37, 224, 77, 103, 168, 89, 86, 100, 179, 90, 60, 170, 132, 133, 163, 111, 137, 73, 187, 66, 180, 240, 109, 66, 213, 194, 150, 93, 236, 163, 210, 173, 168, 175, 16, 128, 70, 78, 32, 2, 147, 122, 198, 170, 161, 115, 26, 90, 96, 228, 190, 70, 218, 143, 80, 178, 232, 156, 237, 1, 79, 151, 86, 156, 177, 144, 163, 200, 180, 21, 239, 5, 33, 8, 147, 122, 171, 205, 238, 125, 46, 57, 216, 255, 181, 207, 157, 104, 162, 16, 164, 36, 60, 137, 129, 5, 69, 178, 31, 102, 63, 202, 89, 130, 80, 155, 169, 206, 4, 55, 96, 84, 99, 244, 32, 232, 203, 85, 100, 190, 72, 93, 226, 184, 27, 101, 37, 195, 236, 102, 7, 152, 188, 21, 18, 43, 144, 91, 181, 132, 251, 177, 43, 147, 209, 33, 45, 198, 101, 122, 136, 182, 49, 132, 184, 80, 57, 95, 166, 237, 12, 218, 194, 4, 65, 245, 161, 27, 140, 68, 251, 23, 25, 95, 144, 81, 53, 6, 50, 251, 152, 151, 221, 75, 172, 1, 163, 3, 88, 172, 61, 237, 21, 206, 114, 140, 88, 2, 79, 26, 123, 162, 93, 143, 70, 76, 32, 87, 93, 36, 251, 127, 242, 0, 67, 235, 160, 193, 199, 33, 218, 33, 42, 139, 149, 229, 84, 151, 138, 178, 176, 64, 67, 216, 57, 177, 142, 160, 46, 138, 64, 24, 12, 46, 23, 36, 172, 253, 185, 49, 10, 98, 22, 192, 10, 41, 67, 138, 167, 52, 203, 2, 179, 180, 131, 118, 104, 150, 175, 133, 208, 158, 68, 41, 5, 202, 4, 107, 102, 35, 96, 131, 235, 242, 165, 105, 180, 213, 193, 58, 92, 255, 147, 183, 138, 47, 160, 125, 232, 40, 227, 97, 224, 213, 56, 77, 57, 137, 6, 62, 17, 209, 100, 181, 180, 252, 5, 125, 3, 81, 42, 150, 232, 118, 129, 91, 231, 102, 87, 47, 40, 97, 201, 76, 233, 130, 203, 78, 82, 131, 60, 30, 234, 3, 232, 40, 80, 119, 228, 208, 127, 139, 162, 45, 84, 32, 147, 207, 134, 248, 163, 130, 14, 210, 248, 30, 10, 87, 211, 152, 18, 117, 154, 97, 119, 48, 118, 3, 86, 205, 164, 141, 215, 22, 107, 137, 203, 184, 162, 195, 59, 252, 154, 200, 244, 24, 155, 156, 48, 151, 43, 13, 48, 68, 130, 12, 239, 37, 92, 114, 207, 43, 112, 76, 176, 140, 79, 205, 204, 201, 153, 37, 218, 89, 154, 20, 162, 30, 58, 144, 194, 192, 2, 254, 104, 191, 127, 191, 162, 209, 178, 69, 117, 193, 22, 190, 249, 174, 210, 195, 2, 20, 191, 104, 118, 23, 107, 112, 128, 15, 32]
note: run with `RUST_BACKTRACE=1` environment variable to display a backtrace
