   Compiling fhe v0.1.1 (/app/crates/fhe)
    Finished `release` profile [optimized] target(s) in 2.46s
     Running `target/release/examples/mulpir`
# MulPIR with fhe.rs
database of 64.00 MiB
	database_size = 65536
	elements_size = 1024
⏱  Database generation: 163.9 ms
⏱  Parameters generation: 206.6 ms
number_rows = 3277
number_elements_per_plaintext = 20
dimensions = 58 57
dimension = 3306
⏱  Database preprocessing: 4729.3 ms
level = 7
⏱  Client setup: 261.7 ms
📄 Evaluation key (expansion): 2.19 MiB
📄 Relinearization key: 105.06 KiB
⏱  Server setup: 69.6 ms
⏱  Client query: 4.1 ms
📄 Query: 105.05 KiB
Expand: 1.05346777s
Expand: 744.193845ms
Expand: 757.090027ms
Expand: 749.823638ms
Expand: 749.649679ms
⏱  Server response: 1446.4 ms
📄 Response: 100.03 KiB
Noise in response: Ok(29)
⏱  Client answer: 6.2 ms

thread 'main' (5171) panicked at crates/fhe/examples/mulpir.rs:213:5:
assertion `left == right` failed
  left: [8, 34, 0, 0, 0, 0, 0, 0, 0, 0, 0, 0, 0, 0, 0, 0, 0, 0, 0, 0, 0, 0, 0, 0, 0, 0, 0, 0, 0, 0, 0, 0, 0, 0, 0, 0, 0, 0, 0, 0, 0, 0, 0, 0, 0, 0, 0, 0, 0, 0, 0, 0, 0, 0, 0, 0, 0, 0, 0, 0, 0, 0, 0, 0, 0, 0, 0, 0, 0, 0, 0, 0, 0, 0, 0, 0, 0, 0, 0, 0, 0, 0, 0, 0, 0, 0, 0, 0, 0, 0, 0, 0, 0, 0, 0, 0, 0, 0, 0, 0, 0, 0, 0, 0, 0, 0, 0, 0, 0, 0, 0, 0, 0, 0, 0, 0, 0, 0, 0, 0, 0, 0, 0, 0, 0, 0, 0, 0, 0, 0, 0, 0, 0, 0, 0, 0, 0, 0, 0, 0, 0, 0, 0, 0, 0, 0, 0, 0, 0, 0, 0, 0, 0, 0, 0, 0, 0, 0, 0, 0, 0, 0, 0, 0, 0, 0, 0, 0, 0, 0, 0, 0, 0, 0, 0, 0, 0, 0, 0, 0, 0, 0, 0, 0, 0, 0, 0, 0, 0, 0, 0, 0, 0, 0, 0, 0, 0, 0, 0, 0, 0, 0, 0, 0, 0, 0, 0, 0, 0, 0, 0, 0, 0, 0, 0, 0, 0, 0, 0, 0, 0, 0, 0, 0, 0, 0, 0, 0, 0, 0, 0, 0, 0, 0, 0, 0, 0, 0, 0, 0, 0, 0, 0, 0, 0, 0, 0, 0, 0, 0, 0, 0, 0, 0, 0, 0, 0, 0, 0, 0, 0, 0, 0, 0, 0, 0, 0, 0, 0, 0, 0, 0, 0, 0, 0, 0, 0, 0, 0, 0, 0, 0, 0, 0, 0, 0, 0, 0, 0, 0, 0, 0, 0, 0, 0, 0, 0, 0, 0, 0, 0, 0, 0, 0, 0, 0, 0, 0, 0, 0, 0, 0, 0, 0, 0, 0, 0, 0, 0, 0, 0, 0, 0, 0, 0, 0, 0, 0, 0, 0, 0, 0, 0, 0, 0, 0, 0, 0, 0, 0, 0, 0, 0, 0, 0, 0, 0, 0, 0, 0, 0, 0, 0, 0, 0, 0, 0, 0, 0, 0, 0, 0, 0, 0, 0, 0, 0, 0, 0, 0, 0, 0, 0, 0, 0, 0, 0, 0, 0, 0, 0, 0, 0, 0, 0, 0, 0, 0, 0, 0, 0, 0, 0, 0, 0, 0, 0, 0, 0, 0, 0, 0, 0, 0, 0, 0, 0, 0, 0, 0, 0, 0, 0, 0, 0, 0, 0, 0, 0, 0, 0, 0, 0, 0, 0, 0, 0, 0, 0, 0, 0, 0, 0, 0, 0, 0, 0, 0, 0, 0, 0, 0, 0, 0, 0, 0, 0, 0, 0, 0, 0, 0, 0, 0, 0, 0, 0, 0, 0, 0, 0, 0, 0, 0, 0, 0, 0, 0, 0, 0, 0, 0, 0, 0, 0, 0, 0, 0, 0, 0, 0, 0, 0, 0, 0, 0, 0, 0, 0, 0, 0, 0, 0, 0, 0, 0, 0, 0, 0, 0, 0, 0, 0, 0, 0, 0, 0, 0, 0, 0, 0, 0, 0, 0, 0, 0, 0, 0, 0, 0, 0, 0, 0, 0, 0, 0, 0, 0, 0, 0, 0, 0, 0, 0, 0, 0, 0, 0, 0, 0, 0, 0, 0, 0, 0, 0, 0, 0, 0, 0, 0, 0, 0, 0, 0, 0, 0, 0, 0, 0, 0, 0, 0, 0, 0, 0, 0, 0, 0, 0, 0, 0, 0, 0, 0, 0, 0, 0, 0, 0, 0, 0, 0, 0, 0, 0, 0, 0, 0, 0, 0, 0, 0, 0, 0, 0, 0, 0, 0, 0, 0, 0, 0, 0, 0, 0, 0, 0, 0, 0, 0, 0, 0, 0, 0, 0, 0, 0, 0, 0, 0, 0, 0, 0, 0, 0, 0, 0, 0, 0, 0, 0, 0, 0, 0, 0, 0, 0, 0, 0, 0, 0, 0, 0, 0, 0, 0, 0, 0, 0, 0, 0, 0, 0, 0, 0, 0, 0, 0, 0, 0, 0, 0, 0, 0, 0, 0, 0, 0, 0, 0, 0, 0, 0, 0, 0, 0, 0, 0, 0, 0, 0, 0, 0, 0, 0, 0, 0, 0, 0, 0, 0, 0, 0, 0, 0, 0, 0, 0, 0, 0, 0, 0, 0, 0, 0, 0, 0, 0, 0, 0, 0, 0, 0, 0, 0, 0, 0, 0, 0, 0, 0, 0, 0, 0, 0, 0, 0, 0, 0, 0, 0, 0, 0, 0, 0, 0, 0, 0, 0, 0, 0, 0, 0, 0, 0, 0, 0, 0, 0, 0, 0, 0, 0, 0, 0, 0, 0, 0, 0, 0, 0, 0, 0, 0, 0, 0, 0, 0, 0, 0, 0, 0, 0, 0, 0, 0, 0, 0, 0, 0, 0, 0, 0, 0, 0, 0, 0, 0, 0, 0, 0, 0, 0, 0, 0, 0, 0, 0, 0, 0, 0, 0, 0, 0, 0, 0, 0, 0, 0, 0, 0, 0, 0, 0, 0, 0, 0, 0, 0, 0, 0, 0, 0, 0, 0, 0, 0, 0, 0, 0, 0, 0, 0, 0, 0, 0, 0, 0, 0, 0, 0, 0, 0, 0, 0, 0, 0, 0, 0, 0, 0, 0, 0, 0, 0, 0, 0, 0, 0, 0, 0, 0, 0, 0, 0, 0, 0, 0, 0, 0, 0, 0, 0, 0, 0, 0, 0, 0, 0, 0, 0, 0, 0, 0, 0, 0, 0, 0, 0, 0, 0, 0, 0, 0, 0, 0, 0, 0, 0, 0, 0, 0, 0, 0, 0, 0, 0, 0, 0, 0, 0, 0, 0, 0, 0, 0, 0, 0, 0, 0, 0, 0, 0, 0, 0, 0, 0, 0, 0, 0, 0, 0, 0, 0, 0, 0, 0, 0, 0, 0, 0, 0, 0, 0, 0, 0, 0, 0, 0, 0, 0, 0, 0, 0, 0, 0, 0, 0, 0, 0, 0, 0, 0, 0, 0, 0, 0, 0, 0, 0, 0, 0, 0, 0, 0, 0, 0, 0, 0, 0, 0, 0, 0, 0, 0, 0, 0, 0, 0, 0, 0, 0, 0, 0, 0, 0, 0, 0, 0, 0, 0, 0, 0, 0, 0, 0, 0, 0, 0, 0, 0, 0, 0, 0, 0, 0, 0, 0, 0, 0, 0, 0, 0]
 right: [62, 128, 215, 20, 80, 214, 212, 189, 177, 107, 2, 16, 31, 171, 104, 203, 211, 216, 126, 41, 161, 50, 136, 105, 22, 36, 92, 27, 254, 21, 67, 72, 193, 46, 120, 158, 57, 64, 3, 101, 191, 123, 231, 207, 9, 54, 41, 160, 24, 171, 110, 172, 58, 146, 128, 123, 93, 145, 30, 26, 119, 41, 23, 5, 102, 101, 189, 182, 219, 86, 207, 137, 100, 117, 214, 122, 61, 233, 148, 143, 234, 85, 73, 114, 220, 192, 229, 182, 161, 249, 230, 212, 175, 128, 19, 169, 0, 106, 117, 41, 255, 144, 70, 123, 152, 42, 50, 227, 210, 91, 51, 133, 208, 162, 106, 190, 201, 168, 119, 37, 101, 82, 190, 223, 243, 39, 53, 85, 50, 236, 221, 179, 177, 71, 241, 218, 161, 220, 75, 197, 76, 113, 188, 223, 66, 172, 76, 9, 157, 215, 218, 34, 203, 98, 75, 69, 152, 241, 53, 146, 1, 68, 27, 142, 250, 118, 59, 112, 8, 155, 131, 3, 146, 172, 177, 183, 99, 79, 56, 179, 25, 99, 119, 18, 182, 41, 46, 57, 143, 185, 247, 122, 133, 68, 191, 14, 175, 115, 171, 150, 186, 39, 140, 4, 66, 110, 176, 143, 167, 63, 139, 82, 143, 212, 10, 81, 68, 22, 230, 101, 224, 134, 2, 50, 137, 255, 80, 136, 123, 174, 46, 42, 29, 76, 75, 40, 41, 254, 30, 118, 192, 30, 38, 133, 25, 164, 62, 211, 220, 73, 75, 119, 39, 20, 239, 22, 16, 67, 145, 77, 48, 3, 179, 172, 163, 170, 48, 18, 41, 57, 188, 116, 5, 65, 233, 204, 11, 43, 141, 217, 203, 101, 85, 137, 51, 109, 9, 73, 53, 180, 190, 78, 4, 222, 20, 139, 73, 78, 124, 219, 111, 115, 233, 76, 237, 29, 55, 114, 104, 157, 121, 69, 35, 34, 36, 154, 29, 94, 222, 7, 125, 243, 70, 60, 69, 54, 144, 32, 102, 38, 234, 98, 230, 75, 166, 10, 0, 115, 231, 117, 67, 74, 171, 90, 24, 44, 111, 239, 46, 181, 97, 231, 31, 166, 217, 221, 34, 62, 210, 192, 132, 234, 29, 32, 197, 232, 18, 150, 146, 33, 133, 65, 250, 183, 51, 65, 28, 24, 70, 34, 6, 78, 180, 254, 168, 227, 4, 129, 214, 15, 45, 247, 205, 215, 101, 210, 23, 193, 198, 210, 167, 137, 105, 249, 243, 70, 16, 165, 34, 48, 74, 141, 181, 85, 65, 186, 88, 158, 65, 56, 89, 154, 191, 146, 82, 182, 113, 137, 13, 49, 226, 74, 40, 144, 22, 189, 107, 74, 231, 77, 56, 109, 171, 8, 159, 61, 159, 230, 218, 177, 99, 205, 226, 183, 58, 97, 176, 65, 98, 41, 182, 35, 77, 47, 203, 217, 143, 74, 3, 58, 24, 38, 36, 6, 0, 134, 137, 16, 253, 229, 127, 104, 77, 122, 208, 8, 128, 191, 141, 232, 183, 102, 220, 187, 140, 174, 213, 171, 202, 109, 187, 255, 248, 10, 247, 2, 20, 134, 154, 17, 67, 158, 10, 235, 2, 13, 127, 175, 255, 169, 19, 79, 88, 28, 218, 103, 175, 153, 6, 107, 86, 79, 56, 19, 108, 173, 150, 202, 202, 20, 105, 151, 211, 196, 130, 64, 220, 242, 11, 147, 1, 65, 156, 11, 19, 148, 67, 65, 174, 140, 41, 48, 199, 74, 24, 215, 117, 232, 75, 125, 87, 141, 123, 64, 23, 172, 20, 37, 197, 162, 218, 42, 138, 247, 8, 17, 3, 24, 200, 224, 106, 13, 94, 201, 11, 91, 165, 134, 208, 229, 139, 252, 3, 209, 210, 126, 238, 167, 63, 197, 68, 73, 119, 24, 19, 167, 111, 124, 230, 169, 75, 22, 228, 158, 236, 73, 161, 119, 163, 46, 113, 85, 252, 195, 5, 185, 89, 72, 13, 101, 232, 152, 219, 63, 146, 47, 176, 228, 172, 62, 204, 110, 97, 28, 98, 64, 160, 81, 125, 216, 90, 61, 61, 57, 3, 25, 149, 162, 131, 228, 47, 54, 195, 205, 49, 119, 75, 161, 126, 136, 129, 179, 91, 137, 247, 232, 46, 87, 138, 103, 90, 132, 218, 105, 90, 132, 174, 13, 166, 194, 163, 23, 206, 33, 225, 155, 54, 150, 50, 211, 34, 6, 45, 21, 244, 239, 35, 239, 222, 234, 107, 136, 206, 190, 224, 214, 59, 157, 200, 161, 63, 137, 39, 211, 8, 115, 7, 147, 104, 189, 244, 31, 129, 106, 241, 77, 20, 221, 134, 9, 223, 23, 132, 87, 43, 35, 42, 32, 158, 92, 197, 58, 245, 251, 137, 74, 213, 192, 161, 137, 162, 66, 132, 23, 67, 142, 4, 191, 115, 159, 63, 108, 253, 208, 219, 170, 197, 140, 51, 15, 39, 170, 31, 40, 196, 127, 218, 85, 153, 151, 26, 49, 160, 106, 151, 234, 171, 86, 205, 181, 28, 146, 87, 14, 135, 124, 162, 159, 192, 107, 163, 104, 96, 235, 129, 52, 52, 25, 168, 190, 217, 89, 110, 58, 254, 119, 154, 193, 249, 100, 169, 193, 72, 226, 115, 154, 35, 152, 57, 80, 153, 140, 250, 66, 167, 109, 220, 37, 202, 21, 96, 91, 235, 135, 165, 73, 57, 13, 158, 20, 127, 40, 10, 82, 191, 229, 236, 33, 109, 110, 86, 176, 179, 207, 251, 45, 39, 224, 113, 32, 48, 22, 179, 83, 7, 139, 89, 37, 232, 11, 23, 64, 72, 91, 85, 119, 145, 48, 109, 243, 47, 127, 191, 50, 151, 221, 164, 2, 159, 141, 39, 195, 92, 56, 217, 172, 3, 138, 171, 212, 89, 220, 251, 233, 146, 180, 176, 21, 206, 223, 149, 86, 108, 117, 18, 28, 247, 140, 138, 237, 33, 86, 105, 46, 40, 155, 158, 95, 0, 200, 53, 9, 175, 5, 51, 184, 155, 91, 169, 250, 211, 181, 167, 192, 136, 81, 5, 173, 71, 54, 173, 60, 95, 107, 247, 212, 246, 145, 218, 199, 67, 83, 93, 100, 0, 213, 234, 25, 50, 55, 239, 58, 34, 6, 11, 145, 163, 15, 53, 52, 19, 21, 128, 8, 255, 171, 247, 5, 172, 34, 166, 62, 159, 161]
note: run with `RUST_BACKTRACE=1` environment variable to display a backtrace
