   Compiling fhe v0.1.1 (/app/crates/fhe)
    Finished `release` profile [optimized] target(s) in 19.83s
     Running `target/release/examples/mulpir`
# MulPIR with fhe.rs
database of 64.00 MiB
	database_size = 65536
	elements_size = 1024
⏱  Database generation: 58.7 ms
⏱  Parameters generation: 83.7 ms
number_rows = 3277
number_elements_per_plaintext = 20
dimensions = 58 57
dimension = 3306
⏱  Database preprocessing: 3755.9 ms
level = 7
⏱  Client setup: 256.8 ms
📄 Evaluation key (expansion): 2.49 MiB
📄 Relinearization key: 122.06 KiB
⏱  Server setup: 68.5 ms
⏱  Client query: 4.2 ms
📄 Query: 122.05 KiB
Expand: 1.03508021s
Expand: 765.511677ms
Expand: 761.426807ms
Expand: 760.258268ms
Expand: 765.364406ms
⏱  Server response: 1433.2 ms
📄 Response: 124.03 KiB
Noise in response: Ok(41)
⏱  Client answer: 5.9 ms

thread 'main' (8851) panicked at crates/fhe/examples/mulpir.rs:213:5:
assertion `left == right` failed
  left: [232, 47, 0, 0, 0, 0, 0, 0, 0, 0, 0, 0, 0, 0, 0, 0, 0, 0, 0, 0, 0, 0, 0, 0, 0, 0, 0, 0, 0, 0, 0, 0, 0, 0, 0, 0, 0, 0, 0, 0, 0, 0, 0, 0, 0, 0, 0, 0, 0, 0, 0, 0, 0, 0, 0, 0, 0, 0, 0, 0, 0, 0, 0, 0, 0, 0, 0, 0, 0, 0, 0, 0, 0, 0, 0, 0, 0, 0, 0, 0, 0, 0, 0, 0, 0, 0, 0, 0, 0, 0, 0, 0, 0, 0, 0, 0, 0, 0, 0, 0, 0, 0, 0, 0, 0, 0, 0, 0, 0, 0, 0, 0, 0, 0, 0, 0, 0, 0, 0, 0, 0, 0, 0, 0, 0, 0, 0, 0, 0, 0, 0, 0, 0, 0, 0, 0, 0, 0, 0, 0, 0, 0, 0, 0, 0, 0, 0, 0, 0, 0, 0, 0, 0, 0, 0, 0, 0, 0, 0, 0, 0, 0, 0, 0, 0, 0, 0, 0, 0, 0, 0, 0, 0, 0, 0, 0, 0, 0, 0, 0, 0, 0, 0, 0, 0, 0, 0, 0, 0, 0, 0, 0, 0, 0, 0, 0, 0, 0, 0, 0, 0, 0, 0, 0, 0, 0, 0, 0, 0, 0, 0, 0, 0, 0, 0, 0, 0, 0, 0, 0, 0, 0, 0, 0, 0, 0, 0, 0, 0, 0, 0, 0, 0, 0, 0, 0, 0, 0, 0, 0, 0, 0, 0, 0, 0, 0, 0, 0, 0, 0, 0, 0, 0, 0, 0, 0, 0, 0, 0, 0, 0, 0, 0, 0, 0, 0, 0, 0, 0, 0, 0, 0, 0, 0, 0, 0, 0, 0, 0, 0, 0, 0, 0, 0, 0, 0, 0, 0, 0, 0, 0, 0, 0, 0, 0, 0, 0, 0, 0, 0, 0, 0, 0, 0, 0, 0, 0, 0, 0, 0, 0, 0, 0, 0, 0, 0, 0, 0, 0, 0, 0, 0, 0, 0, 0, 0, 0, 0, 0, 0, 0, 0, 0, 0, 0, 0, 0, 0, 0, 0, 0, 0, 0, 0, 0, 0, 0, 0, 0, 0, 0, 0, 0, 0, 0, 0, 0, 0, 0, 0, 0, 0, 0, 0, 0, 0, 0, 0, 0, 0, 0, 0, 0, 0, 0, 0, 0, 0, 0, 0, 0, 0, 0, 0, 0, 0, 0, 0, 0, 0, 0, 0, 0, 0, 0, 0, 0, 0, 0, 0, 0, 0, 0, 0, 0, 0, 0, 0, 0, 0, 0, 0, 0, 0, 0, 0, 0, 0, 0, 0, 0, 0, 0, 0, 0, 0, 0, 0, 0, 0, 0, 0, 0, 0, 0, 0, 0, 0, 0, 0, 0, 0, 0, 0, 0, 0, 0, 0, 0, 0, 0, 0, 0, 0, 0, 0, 0, 0, 0, 0, 0, 0, 0, 0, 0, 0, 0, 0, 0, 0, 0, 0, 0, 0, 0, 0, 0, 0, 0, 0, 0, 0, 0, 0, 0, 0, 0, 0, 0, 0, 0, 0, 0, 0, 0, 0, 0, 0, 0, 0, 0, 0, 0, 0, 0, 0, 0, 0, 0, 0, 0, 0, 0, 0, 0, 0, 0, 0, 0, 0, 0, 0, 0, 0, 0, 0, 0, 0, 0, 0, 0, 0, 0, 0, 0, 0, 0, 0, 0, 0, 0, 0, 0, 0, 0, 0, 0, 0, 0, 0, 0, 0, 0, 0, 0, 0, 0, 0, 0, 0, 0, 0, 0, 0, 0, 0, 0, 0, 0, 0, 0, 0, 0, 0, 0, 0, 0, 0, 0, 0, 0, 0, 0, 0, 0, 0, 0, 0, 0, 0, 0, 0, 0, 0, 0, 0, 0, 0, 0, 0, 0, 0, 0, 0, 0, 0, 0, 0, 0, 0, 0, 0, 0, 0, 0, 0, 0, 0, 0, 0, 0, 0, 0, 0, 0, 0, 0, 0, 0, 0, 0, 0, 0, 0, 0, 0, 0, 0, 0, 0, 0, 0, 0, 0, 0, 0, 0, 0, 0, 0, 0, 0, 0, 0, 0, 0, 0, 0, 0, 0, 0, 0, 0, 0, 0, 0, 0, 0, 0, 0, 0, 0, 0, 0, 0, 0, 0, 0, 0, 0, 0, 0, 0, 0, 0, 0, 0, 0, 0, 0, 0, 0, 0, 0, 0, 0, 0, 0, 0, 0, 0, 0, 0, 0, 0, 0, 0, 0, 0, 0, 0, 0, 0, 0, 0, 0, 0, 0, 0, 0, 0, 0, 0, 0, 0, 0, 0, 0, 0, 0, 0, 0, 0, 0, 0, 0, 0, 0, 0, 0, 0, 0, 0, 0, 0, 0, 0, 0, 0, 0, 0, 0, 0, 0, 0, 0, 0, 0, 0, 0, 0, 0, 0, 0, 0, 0, 0, 0, 0, 0, 0, 0, 0, 0, 0, 0, 0, 0, 0, 0, 0, 0, 0, 0, 0, 0, 0, 0, 0, 0, 0, 0, 0, 0, 0, 0, 0, 0, 0, 0, 0, 0, 0, 0, 0, 0, 0, 0, 0, 0, 0, 0, 0, 0, 0, 0, 0, 0, 0, 0, 0, 0, 0, 0, 0, 0, 0, 0, 0, 0, 0, 0, 0, 0, 0, 0, 0, 0, 0, 0, 0, 0, 0, 0, 0, 0, 0, 0, 0, 0, 0, 0, 0, 0, 0, 0, 0, 0, 0, 0, 0, 0, 0, 0, 0, 0, 0, 0, 0, 0, 0, 0, 0, 0, 0, 0, 0, 0, 0, 0, 0, 0, 0, 0, 0, 0, 0, 0, 0, 0, 0, 0, 0, 0, 0, 0, 0, 0, 0, 0, 0, 0, 0, 0, 0, 0, 0, 0, 0, 0, 0, 0, 0, 0, 0, 0, 0, 0, 0, 0, 0, 0, 0, 0, 0, 0, 0, 0, 0, 0, 0, 0, 0, 0, 0, 0, 0, 0, 0, 0, 0, 0, 0, 0, 0, 0, 0, 0, 0, 0, 0, 0, 0, 0, 0, 0, 0, 0, 0, 0, 0, 0, 0, 0, 0, 0, 0, 0, 0, 0, 0, 0, 0, 0, 0, 0, 0, 0, 0, 0, 0, 0, 0, 0, 0, 0, 0, 0, 0, 0, 0, 0, 0, 0, 0, 0, 0, 0, 0, 0, 0, 0, 0, 0, 0, 0, 0, 0, 0, 0, 0, 0, 0, 0, 0, 0, 0, 0, 0, 0, 0, 0, 0, 0]
 right: [38, 137, 22, 160, 102, 28, 40, 216, 157, 101, 12, 97, 214, 125, 219, 70, 167, 11, 113, 122, 0, 178, 209, 132, 116, 64, 26, 56, 117, 84, 105, 117, 108, 170, 50, 99, 229, 250, 124, 234, 77, 110, 51, 149, 188, 187, 66, 177, 253, 98, 102, 56, 2, 155, 136, 110, 174, 184, 94, 158, 123, 33, 208, 49, 113, 186, 185, 246, 127, 122, 130, 39, 136, 34, 223, 155, 105, 155, 31, 102, 241, 151, 54, 199, 225, 20, 245, 204, 204, 146, 49, 88, 239, 111, 34, 165, 237, 64, 210, 95, 76, 32, 180, 104, 148, 175, 216, 50, 192, 253, 144, 209, 78, 142, 27, 48, 109, 190, 23, 92, 162, 131, 139, 69, 181, 125, 229, 49, 94, 14, 40, 114, 93, 56, 71, 22, 159, 199, 131, 26, 160, 45, 129, 112, 59, 184, 185, 255, 7, 224, 201, 46, 5, 146, 31, 22, 149, 198, 47, 55, 57, 31, 141, 167, 221, 152, 104, 11, 74, 96, 200, 73, 12, 86, 254, 166, 48, 46, 48, 7, 70, 251, 4, 66, 160, 180, 203, 186, 175, 31, 193, 73, 153, 156, 229, 222, 130, 135, 199, 52, 254, 237, 221, 20, 127, 147, 218, 96, 166, 236, 71, 82, 73, 69, 223, 68, 37, 109, 192, 154, 179, 18, 26, 60, 122, 119, 151, 255, 136, 25, 56, 105, 92, 101, 79, 92, 96, 121, 206, 83, 168, 28, 95, 79, 148, 69, 225, 88, 157, 33, 244, 227, 220, 86, 225, 113, 179, 76, 25, 56, 206, 194, 8, 156, 137, 45, 179, 191, 136, 89, 87, 75, 241, 7, 31, 226, 58, 124, 89, 69, 24, 4, 219, 80, 152, 204, 167, 110, 97, 130, 189, 54, 92, 178, 78, 147, 196, 59, 18, 79, 243, 173, 88, 77, 209, 46, 55, 216, 163, 112, 51, 176, 99, 65, 208, 5, 64, 159, 12, 183, 52, 177, 81, 137, 232, 52, 137, 43, 51, 223, 195, 187, 247, 254, 59, 97, 216, 19, 65, 60, 52, 99, 225, 54, 147, 44, 68, 70, 28, 232, 58, 245, 121, 17, 7, 143, 153, 213, 89, 187, 206, 69, 135, 39, 239, 114, 153, 96, 95, 238, 183, 29, 98, 98, 253, 114, 245, 255, 248, 39, 71, 46, 77, 12, 47, 203, 66, 47, 149, 240, 31, 212, 33, 19, 125, 202, 40, 186, 135, 194, 3, 201, 176, 119, 58, 4, 38, 78, 59, 209, 202, 70, 125, 10, 248, 172, 215, 80, 122, 6, 116, 133, 185, 52, 108, 202, 240, 174, 154, 115, 128, 165, 178, 253, 222, 139, 123, 107, 55, 57, 38, 254, 77, 133, 112, 236, 110, 68, 147, 68, 128, 245, 79, 247, 29, 151, 50, 28, 6, 151, 236, 244, 163, 73, 36, 2, 215, 112, 31, 19, 236, 78, 96, 57, 246, 3, 9, 225, 18, 109, 32, 51, 116, 107, 179, 71, 31, 24, 37, 91, 229, 38, 175, 152, 173, 205, 101, 69, 173, 50, 0, 107, 249, 135, 82, 18, 173, 181, 163, 106, 67, 197, 38, 234, 196, 76, 10, 216, 138, 115, 238, 120, 63, 105, 95, 116, 97, 169, 6, 120, 173, 71, 155, 165, 175, 227, 85, 14, 157, 0, 201, 63, 219, 122, 97, 52, 64, 219, 187, 5, 130, 88, 219, 50, 50, 54, 209, 254, 88, 56, 199, 104, 134, 68, 101, 49, 240, 200, 158, 80, 104, 202, 210, 165, 160, 231, 98, 247, 108, 76, 217, 143, 7, 177, 85, 166, 204, 19, 108, 121, 168, 194, 24, 117, 155, 195, 80, 70, 81, 200, 129, 103, 191, 100, 4, 233, 3, 50, 78, 144, 55, 200, 3, 65, 51, 83, 193, 16, 129, 66, 253, 80, 48, 171, 205, 193, 228, 117, 219, 51, 82, 53, 118, 252, 162, 162, 58, 229, 179, 102, 7, 207, 187, 30, 131, 117, 193, 101, 234, 119, 10, 186, 206, 57, 46, 71, 53, 122, 93, 17, 112, 94, 153, 50, 59, 169, 0, 94, 139, 109, 125, 50, 90, 56, 110, 250, 11, 21, 143, 234, 180, 92, 211, 239, 167, 89, 60, 85, 101, 75, 47, 250, 55, 220, 208, 146, 5, 68, 151, 245, 155, 17, 157, 202, 33, 146, 100, 198, 161, 14, 213, 201, 127, 40, 121, 208, 147, 240, 55, 10, 116, 132, 205, 169, 73, 100, 232, 30, 111, 5, 221, 68, 61, 236, 212, 179, 68, 118, 128, 130, 110, 56, 248, 78, 6, 236, 97, 242, 26, 102, 68, 32, 247, 151, 88, 85, 251, 176, 61, 144, 5, 28, 70, 155, 32, 162, 99, 118, 6, 42, 144, 224, 217, 171, 194, 1, 221, 4, 10, 140, 177, 68, 160, 137, 89, 135, 37, 95, 218, 54, 165, 220, 19, 202, 45, 81, 33, 192, 53, 234, 120, 253, 129, 51, 44, 81, 177, 57, 20, 83, 251, 16, 23, 251, 77, 65, 240, 185, 59, 75, 96, 184, 118, 219, 115, 231, 1, 13, 13, 82, 195, 37, 203, 2, 220, 207, 162, 1, 164, 184, 85, 47, 39, 98, 130, 106, 24, 42, 22, 232, 40, 166, 133, 73, 87, 27, 2, 140, 151, 67, 47, 138, 171, 123, 231, 163, 125, 138, 201, 170, 29, 166, 154, 172, 89, 143, 188, 14, 127, 102, 136, 233, 133, 136, 196, 202, 79, 84, 144, 158, 145, 227, 6, 170, 204, 194, 208, 180, 235, 162, 38, 212, 95, 241, 194, 103, 0, 204, 146, 29, 140, 104, 188, 139, 226, 54, 89, 137, 103, 124, 227, 53, 22, 151, 190, 228, 68, 175, 65, 95, 81, 13, 163, 225, 143, 11, 225, 103, 31, 83, 94, 82, 253, 170, 107, 57, 21, 77, 140, 0, 132, 92, 130, 74, 214, 86, 72, 95, 75, 195, 180, 61, 197, 206, 172, 64, 241, 62, 88, 90, 141, 195, 226, 151, 99, 214, 62, 186, 161, 248, 194, 217, 37, 11, 128, 28, 139, 218, 149, 60, 237, 116, 28, 131, 194, 112, 59, 230, 29, 192, 207, 113, 42, 58, 75, 136, 199, 8, 68, 211, 78, 54, 104, 55, 221, 195, 219, 175, 68, 57, 131, 106, 241, 248]
note: run with `RUST_BACKTRACE=1` environment variable to display a backtrace
