   Compiling fhe v0.1.1 (/app/crates/fhe)
    Finished `release` profile [optimized] target(s) in 2.64s
     Running `target/release/examples/mulpir`
# MulPIR with fhe.rs
database of 64.00 MiB
	database_size = 65536
	elements_size = 1024
⏱  Database generation: 197.8 ms
⏱  Parameters generation: 343.5 ms
number_rows = 3277
number_elements_per_plaintext = 20
dimensions = 58 57
dimension = 3306
⏱  Database preprocessing: 4362.3 ms
level = 7
⏱  Client setup: 251.6 ms
📄 Evaluation key (expansion): 2.27 MiB
📄 Relinearization key: 114.06 KiB
⏱  Server setup: 69 ms
⏱  Client query: 4.3 ms
📄 Query: 114.05 KiB
Expand: 1.251773476s
Expand: 779.04411ms
Expand: 783.079925ms
Expand: 777.118706ms
Expand: 778.147004ms
⏱  Server response: 1521.5 ms
📄 Response: 124.03 KiB
Noise in response: Ok(41)
⏱  Client answer: 6.3 ms

thread 'main' (6120) panicked at crates/fhe/examples/mulpir.rs:213:5:
assertion `left == right` failed
  left: [89, 214, 0, 0, 0, 0, 0, 0, 0, 0, 0, 0, 0, 0, 0, 0, 0, 0, 0, 0, 0, 0, 0, 0, 0, 0, 0, 0, 0, 0, 0, 0, 0, 0, 0, 0, 0, 0, 0, 0, 0, 0, 0, 0, 0, 0, 0, 0, 0, 0, 0, 0, 0, 0, 0, 0, 0, 0, 0, 0, 0, 0, 0, 0, 0, 0, 0, 0, 0, 0, 0, 0, 0, 0, 0, 0, 0, 0, 0, 0, 0, 0, 0, 0, 0, 0, 0, 0, 0, 0, 0, 0, 0, 0, 0, 0, 0, 0, 0, 0, 0, 0, 0, 0, 0, 0, 0, 0, 0, 0, 0, 0, 0, 0, 0, 0, 0, 0, 0, 0, 0, 0, 0, 0, 0, 0, 0, 0, 0, 0, 0, 0, 0, 0, 0, 0, 0, 0, 0, 0, 0, 0, 0, 0, 0, 0, 0, 0, 0, 0, 0, 0, 0, 0, 0, 0, 0, 0, 0, 0, 0, 0, 0, 0, 0, 0, 0, 0, 0, 0, 0, 0, 0, 0, 0, 0, 0, 0, 0, 0, 0, 0, 0, 0, 0, 0, 0, 0, 0, 0, 0, 0, 0, 0, 0, 0, 0, 0, 0, 0, 0, 0, 0, 0, 0, 0, 0, 0, 0, 0, 0, 0, 0, 0, 0, 0, 0, 0, 0, 0, 0, 0, 0, 0, 0, 0, 0, 0, 0, 0, 0, 0, 0, 0, 0, 0, 0, 0, 0, 0, 0, 0, 0, 0, 0, 0, 0, 0, 0, 0, 0, 0, 0, 0, 0, 0, 0, 0, 0, 0, 0, 0, 0, 0, 0, 0, 0, 0, 0, 0, 0, 0, 0, 0, 0, 0, 0, 0, 0, 0, 0, 0, 0, 0, 0, 0, 0, 0, 0, 0, 0, 0, 0, 0, 0, 0, 0, 0, 0, 0, 0, 0, 0, 0, 0, 0, 0, 0, 0, 0, 0, 0, 0, 0, 0, 0, 0, 0, 0, 0, 0, 0, 0, 0, 0, 0, 0, 0, 0, 0, 0, 0, 0, 0, 0, 0, 0, 0, 0, 0, 0, 0, 0, 0, 0, 0, 0, 0, 0, 0, 0, 0, 0, 0, 0, 0, 0, 0, 0, 0, 0, 0, 0, 0, 0, 0, 0, 0, 0, 0, 0, 0, 0, 0, 0, 0, 0, 0, 0, 0, 0, 0, 0, 0, 0, 0, 0, 0, 0, 0, 0, 0, 0, 0, 0, 0, 0, 0, 0, 0, 0, 0, 0, 0, 0, 0, 0, 0, 0, 0, 0, 0, 0, 0, 0, 0, 0, 0, 0, 0, 0, 0, 0, 0, 0, 0, 0, 0, 0, 0, 0, 0, 0, 0, 0, 0, 0, 0, 0, 0, 0, 0, 0, 0, 0, 0, 0, 0, 0, 0, 0, 0, 0, 0, 0, 0, 0, 0, 0, 0, 0, 0, 0, 0, 0, 0, 0, 0, 0, 0, 0, 0, 0, 0, 0, 0, 0, 0, 0, 0, 0, 0, 0, 0, 0, 0, 0, 0, 0, 0, 0, 0, 0, 0, 0, 0, 0, 0, 0, 0, 0, 0, 0, 0, 0, 0, 0, 0, 0, 0, 0, 0, 0, 0, 0, 0, 0, 0, 0, 0, 0, 0, 0, 0, 0, 0, 0, 0, 0, 0, 0, 0, 0, 0, 0, 0, 0, 0, 0, 0, 0, 0, 0, 0, 0, 0, 0, 0, 0, 0, 0, 0, 0, 0, 0, 0, 0, 0, 0, 0, 0, 0, 0, 0, 0, 0, 0, 0, 0, 0, 0, 0, 0, 0, 0, 0, 0, 0, 0, 0, 0, 0, 0, 0, 0, 0, 0, 0, 0, 0, 0, 0, 0, 0, 0, 0, 0, 0, 0, 0, 0, 0, 0, 0, 0, 0, 0, 0, 0, 0, 0, 0, 0, 0, 0, 0, 0, 0, 0, 0, 0, 0, 0, 0, 0, 0, 0, 0, 0, 0, 0, 0, 0, 0, 0, 0, 0, 0, 0, 0, 0, 0, 0, 0, 0, 0, 0, 0, 0, 0, 0, 0, 0, 0, 0, 0, 0, 0, 0, 0, 0, 0, 0, 0, 0, 0, 0, 0, 0, 0, 0, 0, 0, 0, 0, 0, 0, 0, 0, 0, 0, 0, 0, 0, 0, 0, 0, 0, 0, 0, 0, 0, 0, 0, 0, 0, 0, 0, 0, 0, 0, 0, 0, 0, 0, 0, 0, 0, 0, 0, 0, 0, 0, 0, 0, 0, 0, 0, 0, 0, 0, 0, 0, 0, 0, 0, 0, 0, 0, 0, 0, 0, 0, 0, 0, 0, 0, 0, 0, 0, 0, 0, 0, 0, 0, 0, 0, 0, 0, 0, 0, 0, 0, 0, 0, 0, 0, 0, 0, 0, 0, 0, 0, 0, 0, 0, 0, 0, 0, 0, 0, 0, 0, 0, 0, 0, 0, 0, 0, 0, 0, 0, 0, 0, 0, 0, 0, 0, 0, 0, 0, 0, 0, 0, 0, 0, 0, 0, 0, 0, 0, 0, 0, 0, 0, 0, 0, 0, 0, 0, 0, 0, 0, 0, 0, 0, 0, 0, 0, 0, 0, 0, 0, 0, 0, 0, 0, 0, 0, 0, 0, 0, 0, 0, 0, 0, 0, 0, 0, 0, 0, 0, 0, 0, 0, 0, 0, 0, 0, 0, 0, 0, 0, 0, 0, 0, 0, 0, 0, 0, 0, 0, 0, 0, 0, 0, 0, 0, 0, 0, 0, 0, 0, 0, 0, 0, 0, 0, 0, 0, 0, 0, 0, 0, 0, 0, 0, 0, 0, 0, 0, 0, 0, 0, 0, 0, 0, 0, 0, 0, 0, 0, 0, 0, 0, 0, 0, 0, 0, 0, 0, 0, 0, 0, 0, 0, 0, 0, 0, 0, 0, 0, 0, 0, 0, 0, 0, 0, 0, 0, 0, 0, 0, 0, 0, 0, 0, 0, 0, 0, 0, 0, 0, 0, 0, 0, 0, 0, 0, 0, 0, 0, 0, 0, 0, 0, 0, 0, 0, 0, 0, 0, 0, 0, 0, 0, 0, 0, 0, 0, 0, 0, 0, 0, 0, 0, 0, 0, 0, 0, 0, 0, 0, 0, 0, 0, 0, 0, 0, 0, 0, 0, 0, 0, 0, 0, 0, 0, 0, 0, 0, 0, 0, 0, 0, 0, 0, 0, 0, 0, 0, 0, 0, 0, 0, 0, 0, 0, 0, 0, 0, 0, 0, 0]
 right: [80, 160, 77, 239, 160, 245, 61, 153, 13, 171, 65, 207, 12, 94, 33, 213, 40, 172, 233, 205, 122, 90, 239, 114, 145, 149, 21, 74, 52, 92, 106, 249, 182, 156, 239, 3, 63, 122, 215, 34, 198, 38, 192, 129, 91, 9, 105, 172, 69, 64, 219, 185, 11, 88, 74, 212, 110, 227, 209, 156, 141, 239, 102, 69, 151, 224, 112, 85, 65, 207, 220, 206, 97, 242, 130, 202, 107, 168, 147, 176, 178, 143, 171, 244, 101, 9, 234, 163, 214, 136, 65, 231, 233, 123, 176, 70, 75, 181, 13, 45, 237, 18, 225, 144, 29, 83, 62, 16, 11, 240, 197, 170, 10, 66, 221, 73, 185, 80, 62, 249, 72, 228, 164, 56, 87, 34, 185, 183, 34, 242, 32, 28, 252, 240, 165, 24, 130, 125, 22, 7, 26, 37, 232, 240, 71, 227, 130, 226, 106, 35, 50, 3, 250, 79, 245, 27, 229, 218, 79, 221, 116, 78, 132, 169, 186, 113, 157, 217, 61, 243, 31, 189, 157, 6, 141, 222, 179, 138, 16, 215, 213, 255, 106, 93, 229, 178, 24, 254, 210, 29, 43, 141, 82, 152, 151, 242, 250, 102, 129, 213, 210, 63, 189, 9, 233, 153, 67, 82, 108, 252, 68, 68, 131, 191, 248, 195, 147, 183, 152, 62, 68, 7, 92, 143, 74, 217, 13, 221, 94, 219, 8, 5, 23, 103, 85, 6, 195, 93, 228, 87, 55, 7, 22, 194, 138, 176, 155, 76, 34, 185, 72, 53, 146, 215, 254, 163, 49, 101, 172, 190, 84, 59, 31, 139, 149, 134, 11, 179, 80, 36, 55, 248, 64, 13, 183, 214, 144, 34, 19, 162, 45, 212, 208, 66, 90, 80, 59, 138, 34, 199, 6, 194, 199, 92, 64, 224, 178, 118, 2, 29, 229, 6, 192, 55, 236, 94, 109, 227, 100, 230, 242, 186, 79, 187, 219, 146, 82, 15, 178, 242, 231, 243, 50, 97, 167, 238, 117, 126, 220, 45, 129, 23, 64, 53, 102, 77, 240, 51, 41, 57, 32, 14, 214, 160, 253, 144, 94, 248, 24, 234, 1, 131, 64, 192, 247, 3, 169, 24, 187, 206, 102, 1, 19, 238, 247, 233, 231, 242, 251, 98, 181, 179, 95, 248, 154, 243, 136, 178, 230, 73, 152, 134, 147, 170, 87, 98, 209, 105, 48, 241, 132, 194, 32, 87, 13, 26, 111, 19, 207, 164, 138, 46, 136, 121, 60, 123, 92, 187, 57, 235, 230, 234, 149, 153, 37, 205, 81, 23, 165, 156, 217, 8, 128, 8, 176, 67, 44, 126, 45, 70, 4, 156, 173, 8, 168, 247, 244, 150, 36, 70, 121, 160, 114, 30, 231, 70, 32, 78, 232, 66, 22, 246, 11, 253, 109, 206, 224, 0, 40, 186, 199, 98, 83, 30, 50, 185, 205, 115, 148, 183, 178, 99, 87, 171, 201, 90, 238, 168, 186, 131, 30, 152, 19, 188, 34, 149, 178, 34, 10, 183, 90, 88, 182, 130, 70, 83, 197, 114, 224, 109, 147, 234, 146, 208, 208, 135, 215, 39, 23, 94, 176, 60, 133, 89, 141, 232, 16, 96, 10, 180, 245, 157, 116, 162, 188, 70, 222, 221, 189, 164, 215, 184, 111, 1, 187, 197, 16, 238, 56, 247, 196, 184, 129, 20, 250, 200, 0, 5, 237, 3, 182, 83, 63, 112, 244, 20, 240, 127, 14, 130, 178, 93, 42, 136, 89, 96, 49, 223, 204, 195, 209, 32, 96, 226, 102, 146, 15, 70, 133, 43, 149, 166, 15, 159, 90, 151, 49, 163, 123, 162, 248, 83, 101, 229, 49, 1, 234, 92, 136, 72, 155, 144, 227, 56, 82, 64, 103, 225, 218, 15, 170, 21, 12, 35, 80, 32, 131, 99, 50, 74, 224, 137, 24, 18, 32, 76, 158, 155, 253, 209, 28, 252, 25, 97, 175, 167, 7, 68, 10, 21, 80, 168, 95, 100, 106, 101, 189, 181, 63, 114, 64, 143, 113, 188, 34, 151, 245, 130, 155, 124, 25, 54, 57, 83, 122, 80, 154, 62, 54, 141, 246, 81, 18, 150, 254, 51, 219, 90, 105, 75, 48, 58, 34, 255, 121, 83, 212, 17, 210, 203, 162, 125, 76, 149, 55, 169, 57, 247, 182, 29, 186, 99, 125, 245, 120, 168, 26, 122, 193, 215, 248, 96, 38, 116, 120, 216, 241, 207, 74, 78, 79, 55, 252, 111, 29, 186, 116, 81, 49, 62, 20, 30, 226, 246, 165, 113, 15, 153, 157, 253, 145, 100, 128, 177, 100, 136, 241, 251, 30, 44, 160, 146, 196, 102, 243, 136, 17, 238, 102, 143, 85, 171, 82, 160, 167, 81, 253, 59, 213, 183, 240, 109, 99, 173, 125, 180, 163, 0, 124, 179, 72, 40, 131, 74, 242, 2, 241, 187, 27, 188, 199, 184, 201, 169, 251, 201, 198, 171, 40, 88, 162, 98, 176, 14, 71, 117, 40, 81, 181, 25, 227, 91, 156, 59, 111, 249, 96, 26, 104, 128, 176, 152, 230, 101, 170, 132, 29, 252, 185, 32, 95, 217, 235, 180, 200, 211, 186, 63, 83, 12, 8, 166, 113, 125, 34, 114, 111, 244, 212, 94, 47, 20, 200, 124, 129, 195, 31, 234, 248, 30, 1, 151, 129, 215, 241, 198, 45, 211, 252, 221, 118, 121, 112, 141, 147, 165, 132, 160, 7, 65, 116, 166, 204, 86, 105, 160, 11, 24, 231, 149, 231, 230, 212, 177, 60, 217, 189, 17, 16, 24, 83, 192, 55, 181, 159, 209, 154, 108, 50, 21, 45, 18, 138, 7, 233, 48, 89, 53, 78, 35, 153, 86, 43, 156, 167, 254, 207, 10, 203, 254, 131, 226, 33, 253, 181, 230, 45, 234, 162, 96, 67, 251, 160, 212, 199, 247, 127, 183, 239, 123, 178, 205, 92, 165, 154, 176, 121, 52, 5, 170, 185, 150, 113, 216, 252, 112, 45, 170, 187, 40, 38, 92, 150, 210, 122, 249, 45, 41, 105, 138, 97, 19, 207, 83, 153, 38, 132, 60, 205, 201, 0, 65, 210, 23, 34, 179, 144, 115, 90, 238, 23, 46, 78, 31, 58, 187, 243, 67, 248, 26, 125, 75, 228, 117, 204, 9, 168, 151, 184, 28, 255, 92, 55, 54]
note: run with `RUST_BACKTRACE=1` environment variable to display a backtrace
