   Compiling fhe v0.1.1 (/app/crates/fhe)
    Finished `release` profile [optimized] target(s) in 19.79s
     Running `target/release/examples/mulpir`
# MulPIR with fhe.rs
database of 64.00 MiB
	database_size = 65536
	elements_size = 1024
⏱  Database generation: 105.6 ms
⏱  Parameters generation: 82.3 ms
number_rows = 4096
number_elements_per_plaintext = 16
dimensions = 64 64
dimension = 4096
⏱  Database preprocessing: 5153.7 ms
level = 7
⏱  Client setup: 296 ms
📄 Evaluation key (expansion): 2.49 MiB
📄 Relinearization key: 122.06 KiB
⏱  Server setup: 67.4 ms
⏱  Client query: 4.1 ms
📄 Query: 122.05 KiB
Expand: 1.12803944s
Expand: 824.552431ms
Expand: 816.473141ms
Expand: 803.854059ms
Expand: 808.441205ms
⏱  Server response: 1596.6 ms
📄 Response: 124.03 KiB
Noise in response: Ok(45)
⏱  Client answer: 5.9 ms

thread 'main' (9968) panicked at crates/fhe/examples/mulpir.rs:213:5:
assertion `left == right` failed
  left: [67, 50, 0, 0, 0, 0, 0, 0, 0, 0, 0, 0, 0, 0, 0, 0, 0, 0, 0, 0, 0, 0, 0, 0, 0, 0, 0, 0, 0, 0, 0, 0, 0, 0, 0, 0, 0, 0, 0, 0, 0, 0, 0, 0, 0, 0, 0, 0, 0, 0, 0, 0, 0, 0, 0, 0, 0, 0, 0, 0, 0, 0, 0, 0, 0, 0, 0, 0, 0, 0, 0, 0, 0, 0, 0, 0, 0, 0, 0, 0, 0, 0, 0, 0, 0, 0, 0, 0, 0, 0, 0, 0, 0, 0, 0, 0, 0, 0, 0, 0, 0, 0, 0, 0, 0, 0, 0, 0, 0, 0, 0, 0, 0, 0, 0, 0, 0, 0, 0, 0, 0, 0, 0, 0, 0, 0, 0, 0, 0, 0, 0, 0, 0, 0, 0, 0, 0, 0, 0, 0, 0, 0, 0, 0, 0, 0, 0, 0, 0, 0, 0, 0, 0, 0, 0, 0, 0, 0, 0, 0, 0, 0, 0, 0, 0, 0, 0, 0, 0, 0, 0, 0, 0, 0, 0, 0, 0, 0, 0, 0, 0, 0, 0, 0, 0, 0, 0, 0, 0, 0, 0, 0, 0, 0, 0, 0, 0, 0, 0, 0, 0, 0, 0, 0, 0, 0, 0, 0, 0, 0, 0, 0, 0, 0, 0, 0, 0, 0, 0, 0, 0, 0, 0, 0, 0, 0, 0, 0, 0, 0, 0, 0, 0, 0, 0, 0, 0, 0, 0, 0, 0, 0, 0, 0, 0, 0, 0, 0, 0, 0, 0, 0, 0, 0, 0, 0, 0, 0, 0, 0, 0, 0, 0, 0, 0, 0, 0, 0, 0, 0, 0, 0, 0, 0, 0, 0, 0, 0, 0, 0, 0, 0, 0, 0, 0, 0, 0, 0, 0, 0, 0, 0, 0, 0, 0, 0, 0, 0, 0, 0, 0, 0, 0, 0, 0, 0, 0, 0, 0, 0, 0, 0, 0, 0, 0, 0, 0, 0, 0, 0, 0, 0, 0, 0, 0, 0, 0, 0, 0, 0, 0, 0, 0, 0, 0, 0, 0, 0, 0, 0, 0, 0, 0, 0, 0, 0, 0, 0, 0, 0, 0, 0, 0, 0, 0, 0, 0, 0, 0, 0, 0, 0, 0, 0, 0, 0, 0, 0, 0, 0, 0, 0, 0, 0, 0, 0, 0, 0, 0, 0, 0, 0, 0, 0, 0, 0, 0, 0, 0, 0, 0, 0, 0, 0, 0, 0, 0, 0, 0, 0, 0, 0, 0, 0, 0, 0, 0, 0, 0, 0, 0, 0, 0, 0, 0, 0, 0, 0, 0, 0, 0, 0, 0, 0, 0, 0, 0, 0, 0, 0, 0, 0, 0, 0, 0, 0, 0, 0, 0, 0, 0, 0, 0, 0, 0, 0, 0, 0, 0, 0, 0, 0, 0, 0, 0, 0, 0, 0, 0, 0, 0, 0, 0, 0, 0, 0, 0, 0, 0, 0, 0, 0, 0, 0, 0, 0, 0, 0, 0, 0, 0, 0, 0, 0, 0, 0, 0, 0, 0, 0, 0, 0, 0, 0, 0, 0, 0, 0, 0, 0, 0, 0, 0, 0, 0, 0, 0, 0, 0, 0, 0, 0, 0, 0, 0, 0, 0, 0, 0, 0, 0, 0, 0, 0, 0, 0, 0, 0, 0, 0, 0, 0, 0, 0, 0, 0, 0, 0, 0, 0, 0, 0, 0, 0, 0, 0, 0, 0, 0, 0, 0, 0, 0, 0, 0, 0, 0, 0, 0, 0, 0, 0, 0, 0, 0, 0, 0, 0, 0, 0, 0, 0, 0, 0, 0, 0, 0, 0, 0, 0, 0, 0, 0, 0, 0, 0, 0, 0, 0, 0, 0, 0, 0, 0, 0, 0, 0, 0, 0, 0, 0, 0, 0, 0, 0, 0, 0, 0, 0, 0, 0, 0, 0, 0, 0, 0, 0, 0, 0, 0, 0, 0, 0, 0, 0, 0, 0, 0, 0, 0, 0, 0, 0, 0, 0, 0, 0, 0, 0, 0, 0, 0, 0, 0, 0, 0, 0, 0, 0, 0, 0, 0, 0, 0, 0, 0, 0, 0, 0, 0, 0, 0, 0, 0, 0, 0, 0, 0, 0, 0, 0, 0, 0, 0, 0, 0, 0, 0, 0, 0, 0, 0, 0, 0, 0, 0, 0, 0, 0, 0, 0, 0, 0, 0, 0, 0, 0, 0, 0, 0, 0, 0, 0, 0, 0, 0, 0, 0, 0, 0, 0, 0, 0, 0, 0, 0, 0, 0, 0, 0, 0, 0, 0, 0, 0, 0, 0, 0, 0, 0, 0, 0, 0, 0, 0, 0, 0, 0, 0, 0, 0, 0, 0, 0, 0, 0, 0, 0, 0, 0, 0, 0, 0, 0, 0, 0, 0, 0, 0, 0, 0, 0, 0, 0, 0, 0, 0, 0, 0, 0, 0, 0, 0, 0, 0, 0, 0, 0, 0, 0, 0, 0, 0, 0, 0, 0, 0, 0, 0, 0, 0, 0, 0, 0, 0, 0, 0, 0, 0, 0, 0, 0, 0, 0, 0, 0, 0, 0, 0, 0, 0, 0, 0, 0, 0, 0, 0, 0, 0, 0, 0, 0, 0, 0, 0, 0, 0, 0, 0, 0, 0, 0, 0, 0, 0, 0, 0, 0, 0, 0, 0, 0, 0, 0, 0, 0, 0, 0, 0, 0, 0, 0, 0, 0, 0, 0, 0, 0, 0, 0, 0, 0, 0, 0, 0, 0, 0, 0, 0, 0, 0, 0, 0, 0, 0, 0, 0, 0, 0, 0, 0, 0, 0, 0, 0, 0, 0, 0, 0, 0, 0, 0, 0, 0, 0, 0, 0, 0, 0, 0, 0, 0, 0, 0, 0, 0, 0, 0, 0, 0, 0, 0, 0, 0, 0, 0, 0, 0, 0, 0, 0, 0, 0, 0, 0, 0, 0, 0, 0, 0, 0, 0, 0, 0, 0, 0, 0, 0, 0, 0, 0, 0, 0, 0, 0, 0, 0, 0, 0, 0, 0, 0, 0, 0, 0, 0, 0, 0, 0, 0, 0, 0, 0, 0, 0, 0, 0, 0, 0, 0, 0, 0, 0, 0, 0, 0, 0, 0, 0, 0, 0, 0, 0, 0, 0, 0, 0, 0, 0, 0, 0, 0, 0, 0, 0, 0, 0, 0, 0, 0, 0, 0, 0, 0, 0, 0, 0, 0, 0, 0, 0, 0, 0, 0, 0, 0, 0, 0, 0, 0, 0, 0, 0, 0]
 right: [143, 82, 6, 246, 116, 15, 8, 0, 66, 242, 154, 7, 83, 224, 209, 219, 45, 246, 201, 24, 14, 215, 213, 50, 142, 231, 243, 249, 30, 255, 113, 23, 184, 222, 161, 232, 24, 250, 214, 238, 1, 7, 148, 228, 158, 211, 182, 250, 246, 12, 166, 236, 191, 240, 79, 13, 64, 205, 21, 250, 133, 47, 190, 244, 86, 198, 51, 253, 22, 24, 37, 12, 213, 246, 211, 231, 117, 236, 171, 253, 31, 237, 181, 0, 218, 12, 105, 10, 107, 202, 89, 240, 72, 212, 251, 14, 204, 4, 108, 0, 53, 1, 224, 245, 211, 17, 141, 237, 77, 12, 0, 10, 96, 44, 49, 12, 143, 239, 23, 6, 158, 205, 47, 7, 58, 232, 253, 253, 232, 200, 253, 8, 147, 5, 229, 221, 122, 1, 244, 251, 197, 54, 13, 0, 29, 12, 193, 251, 217, 16, 232, 255, 30, 239, 244, 250, 192, 6, 167, 253, 63, 219, 95, 19, 82, 212, 93, 48, 149, 243, 210, 239, 8, 34, 190, 211, 3, 72, 196, 208, 25, 27, 131, 239, 30, 1, 81, 214, 121, 8, 183, 29, 210, 59, 110, 251, 26, 220, 28, 234, 160, 9, 15, 29, 214, 9, 20, 201, 26, 245, 207, 19, 243, 252, 143, 190, 251, 222, 181, 12, 172, 249, 170, 61, 163, 25, 47, 255, 254, 18, 154, 52, 54, 0, 185, 41, 135, 246, 255, 226, 247, 8, 117, 3, 27, 251, 184, 12, 116, 224, 66, 10, 200, 39, 123, 30, 208, 216, 73, 27, 184, 9, 150, 27, 237, 250, 111, 17, 169, 253, 194, 248, 19, 9, 122, 255, 250, 230, 156, 227, 51, 36, 170, 15, 46, 255, 120, 253, 189, 16, 45, 45, 41, 9, 183, 3, 237, 226, 159, 254, 9, 11, 237, 241, 158, 249, 50, 48, 123, 44, 105, 229, 237, 14, 219, 228, 50, 234, 205, 251, 105, 8, 12, 13, 218, 249, 8, 9, 185, 9, 181, 12, 47, 234, 221, 243, 122, 3, 106, 34, 13, 242, 67, 246, 33, 24, 45, 236, 249, 235, 21, 240, 38, 30, 82, 219, 71, 45, 217, 245, 15, 223, 19, 54, 127, 249, 149, 24, 113, 230, 239, 22, 172, 1, 245, 0, 145, 234, 242, 237, 99, 250, 134, 231, 4, 4, 107, 217, 51, 225, 138, 27, 63, 46, 216, 241, 252, 208, 179, 58, 93, 232, 83, 253, 81, 31, 4, 12, 159, 223, 168, 40, 91, 239, 133, 204, 160, 23, 100, 228, 139, 30, 41, 254, 179, 253, 55, 2, 37, 1, 169, 208, 169, 202, 200, 32, 238, 239, 176, 225, 87, 5, 6, 205, 125, 16, 127, 248, 144, 3, 119, 200, 158, 51, 78, 53, 239, 14, 45, 32, 218, 2, 171, 242, 155, 221, 204, 250, 180, 248, 118, 16, 19, 190, 240, 9, 13, 21, 143, 206, 43, 51, 212, 8, 43, 244, 234, 21, 6, 50, 101, 197, 76, 176, 181, 239, 230, 9, 249, 28, 118, 196, 194, 249, 149, 242, 28, 24, 239, 29, 93, 240, 102, 19, 9, 243, 93, 94, 112, 33, 53, 239, 171, 191, 235, 221, 98, 252, 58, 212, 91, 25, 140, 240, 59, 39, 211, 250, 108, 26, 49, 198, 255, 12, 8, 32, 35, 21, 12, 237, 159, 249, 209, 6, 229, 209, 17, 21, 70, 16, 192, 48, 152, 23, 138, 239, 251, 51, 239, 222, 142, 248, 132, 236, 67, 10, 38, 1, 51, 11, 115, 14, 146, 245, 130, 3, 134, 249, 136, 1, 190, 250, 22, 53, 212, 37, 36, 2, 200, 205, 192, 242, 182, 36, 188, 155, 70, 49, 240, 234, 109, 226, 193, 7, 158, 74, 99, 6, 157, 253, 150, 34, 140, 224, 94, 51, 202, 15, 144, 254, 248, 195, 235, 246, 201, 15, 110, 231, 201, 5, 7, 237, 159, 229, 178, 55, 25, 242, 88, 0, 95, 0, 149, 216, 205, 234, 117, 53, 156, 7, 11, 237, 74, 215, 241, 28, 115, 14, 25, 232, 31, 12, 122, 228, 107, 247, 9, 45, 68, 11, 92, 211, 88, 34, 114, 27, 25, 242, 255, 228, 238, 236, 173, 232, 253, 246, 195, 50, 217, 63, 148, 203, 99, 5, 239, 241, 95, 22, 43, 230, 134, 12, 172, 215, 5, 207, 186, 52, 231, 20, 56, 42, 248, 190, 72, 9, 69, 217, 146, 240, 140, 228, 103, 15, 2, 8, 139, 254, 127, 56, 38, 11, 189, 83, 55, 196, 216, 253, 129, 3, 193, 1, 109, 200, 155, 223, 130, 246, 122, 208, 189, 78, 175, 238, 92, 8, 85, 24, 33, 9, 14, 52, 23, 202, 47, 254, 133, 8, 43, 21, 152, 252, 154, 244, 41, 208, 176, 227, 53, 240, 136, 1, 124, 232, 124, 7, 183, 39, 173, 225, 118, 42, 166, 29, 212, 240, 225, 223, 100, 196, 0, 15, 111, 3, 205, 34, 82, 5, 154, 16, 187, 31, 223, 237, 79, 240, 227, 249, 125, 206, 240, 245, 247, 239, 194, 3, 62, 253, 111, 30, 34, 254, 132, 14, 197, 1, 245, 40, 156, 252, 243, 15, 65, 238, 14, 19, 72, 76, 192, 238, 73, 5, 217, 202, 210, 18, 131, 217, 73, 239, 67, 253, 146, 250, 136, 49, 175, 9, 210, 5, 53, 243, 167, 248, 90, 245, 179, 14, 89, 19, 225, 1, 155, 16, 146, 218, 121, 251, 72, 25, 51, 12, 95, 248, 110, 31, 24, 22, 225, 9, 139, 33, 252, 232, 152, 246, 18, 238, 111, 30, 104, 53, 37, 213, 134, 203, 239, 246, 254, 57, 226, 234, 71, 74, 17, 250, 218, 217, 50, 17, 47, 235, 63, 211, 90, 196, 206, 40, 212, 251, 111, 41, 213, 39, 117, 240, 89, 8, 40, 246, 58, 16, 164, 214, 172, 25, 206, 228, 58, 35, 86, 47, 73, 237, 19, 241, 11, 226, 94, 252, 161, 252, 38, 92, 183, 202, 237, 218, 217, 19, 219, 247, 117, 16, 153, 4, 59, 245, 140, 4, 116, 29, 215, 3, 82, 17, 61, 232, 168, 225, 25, 16, 28, 247, 63, 1, 49, 212, 173, 235, 133, 210, 193, 17]
note: run with `RUST_BACKTRACE=1` environment variable to display a backtrace
