   Compiling fhe v0.1.1 (/app/crates/fhe)
    Finished `release` profile [optimized] target(s) in 2.41s
     Running `target/release/examples/mulpir`
# MulPIR with fhe.rs
database of 64.00 MiB
	database_size = 65536
	elements_size = 1024
⏱  Database generation: 163.7 ms
⏱  Parameters generation: 304.1 ms
number_rows = 3277
number_elements_per_plaintext = 20
dimensions = 58 57
dimension = 3306
⏱  Database preprocessing: 4184 ms
level = 7
⏱  Client setup: 254.7 ms
📄 Evaluation key (expansion): 2.46 MiB
📄 Relinearization key: 120.06 KiB
⏱  Server setup: 69.9 ms
⏱  Client query: 4.1 ms
📄 Query: 120.05 KiB
Expand: 1.020859332s
Expand: 719.398955ms
Expand: 720.208107ms
Expand: 717.383879ms
Expand: 717.615383ms
⏱  Server response: 1406.6 ms
📄 Response: 120.03 KiB
Noise in response: Ok(39)
⏱  Client answer: 6.4 ms

thread 'main' (5479) panicked at crates/fhe/examples/mulpir.rs:213:5:
assertion `left == right` failed
  left: [107, 65, 0, 0, 0, 0, 0, 0, 0, 0, 0, 0, 0, 0, 0, 0, 0, 0, 0, 0, 0, 0, 0, 0, 0, 0, 0, 0, 0, 0, 0, 0, 0, 0, 0, 0, 0, 0, 0, 0, 0, 0, 0, 0, 0, 0, 0, 0, 0, 0, 0, 0, 0, 0, 0, 0, 0, 0, 0, 0, 0, 0, 0, 0, 0, 0, 0, 0, 0, 0, 0, 0, 0, 0, 0, 0, 0, 0, 0, 0, 0, 0, 0, 0, 0, 0, 0, 0, 0, 0, 0, 0, 0, 0, 0, 0, 0, 0, 0, 0, 0, 0, 0, 0, 0, 0, 0, 0, 0, 0, 0, 0, 0, 0, 0, 0, 0, 0, 0, 0, 0, 0, 0, 0, 0, 0, 0, 0, 0, 0, 0, 0, 0, 0, 0, 0, 0, 0, 0, 0, 0, 0, 0, 0, 0, 0, 0, 0, 0, 0, 0, 0, 0, 0, 0, 0, 0, 0, 0, 0, 0, 0, 0, 0, 0, 0, 0, 0, 0, 0, 0, 0, 0, 0, 0, 0, 0, 0, 0, 0, 0, 0, 0, 0, 0, 0, 0, 0, 0, 0, 0, 0, 0, 0, 0, 0, 0, 0, 0, 0, 0, 0, 0, 0, 0, 0, 0, 0, 0, 0, 0, 0, 0, 0, 0, 0, 0, 0, 0, 0, 0, 0, 0, 0, 0, 0, 0, 0, 0, 0, 0, 0, 0, 0, 0, 0, 0, 0, 0, 0, 0, 0, 0, 0, 0, 0, 0, 0, 0, 0, 0, 0, 0, 0, 0, 0, 0, 0, 0, 0, 0, 0, 0, 0, 0, 0, 0, 0, 0, 0, 0, 0, 0, 0, 0, 0, 0, 0, 0, 0, 0, 0, 0, 0, 0, 0, 0, 0, 0, 0, 0, 0, 0, 0, 0, 0, 0, 0, 0, 0, 0, 0, 0, 0, 0, 0, 0, 0, 0, 0, 0, 0, 0, 0, 0, 0, 0, 0, 0, 0, 0, 0, 0, 0, 0, 0, 0, 0, 0, 0, 0, 0, 0, 0, 0, 0, 0, 0, 0, 0, 0, 0, 0, 0, 0, 0, 0, 0, 0, 0, 0, 0, 0, 0, 0, 0, 0, 0, 0, 0, 0, 0, 0, 0, 0, 0, 0, 0, 0, 0, 0, 0, 0, 0, 0, 0, 0, 0, 0, 0, 0, 0, 0, 0, 0, 0, 0, 0, 0, 0, 0, 0, 0, 0, 0, 0, 0, 0, 0, 0, 0, 0, 0, 0, 0, 0, 0, 0, 0, 0, 0, 0, 0, 0, 0, 0, 0, 0, 0, 0, 0, 0, 0, 0, 0, 0, 0, 0, 0, 0, 0, 0, 0, 0, 0, 0, 0, 0, 0, 0, 0, 0, 0, 0, 0, 0, 0, 0, 0, 0, 0, 0, 0, 0, 0, 0, 0, 0, 0, 0, 0, 0, 0, 0, 0, 0, 0, 0, 0, 0, 0, 0, 0, 0, 0, 0, 0, 0, 0, 0, 0, 0, 0, 0, 0, 0, 0, 0, 0, 0, 0, 0, 0, 0, 0, 0, 0, 0, 0, 0, 0, 0, 0, 0, 0, 0, 0, 0, 0, 0, 0, 0, 0, 0, 0, 0, 0, 0, 0, 0, 0, 0, 0, 0, 0, 0, 0, 0, 0, 0, 0, 0, 0, 0, 0, 0, 0, 0, 0, 0, 0, 0, 0, 0, 0, 0, 0, 0, 0, 0, 0, 0, 0, 0, 0, 0, 0, 0, 0, 0, 0, 0, 0, 0, 0, 0, 0, 0, 0, 0, 0, 0, 0, 0, 0, 0, 0, 0, 0, 0, 0, 0, 0, 0, 0, 0, 0, 0, 0, 0, 0, 0, 0, 0, 0, 0, 0, 0, 0, 0, 0, 0, 0, 0, 0, 0, 0, 0, 0, 0, 0, 0, 0, 0, 0, 0, 0, 0, 0, 0, 0, 0, 0, 0, 0, 0, 0, 0, 0, 0, 0, 0, 0, 0, 0, 0, 0, 0, 0, 0, 0, 0, 0, 0, 0, 0, 0, 0, 0, 0, 0, 0, 0, 0, 0, 0, 0, 0, 0, 0, 0, 0, 0, 0, 0, 0, 0, 0, 0, 0, 0, 0, 0, 0, 0, 0, 0, 0, 0, 0, 0, 0, 0, 0, 0, 0, 0, 0, 0, 0, 0, 0, 0, 0, 0, 0, 0, 0, 0, 0, 0, 0, 0, 0, 0, 0, 0, 0, 0, 0, 0, 0, 0, 0, 0, 0, 0, 0, 0, 0, 0, 0, 0, 0, 0, 0, 0, 0, 0, 0, 0, 0, 0, 0, 0, 0, 0, 0, 0, 0, 0, 0, 0, 0, 0, 0, 0, 0, 0, 0, 0, 0, 0, 0, 0, 0, 0, 0, 0, 0, 0, 0, 0, 0, 0, 0, 0, 0, 0, 0, 0, 0, 0, 0, 0, 0, 0, 0, 0, 0, 0, 0, 0, 0, 0, 0, 0, 0, 0, 0, 0, 0, 0, 0, 0, 0, 0, 0, 0, 0, 0, 0, 0, 0, 0, 0, 0, 0, 0, 0, 0, 0, 0, 0, 0, 0, 0, 0, 0, 0, 0, 0, 0, 0, 0, 0, 0, 0, 0, 0, 0, 0, 0, 0, 0, 0, 0, 0, 0, 0, 0, 0, 0, 0, 0, 0, 0, 0, 0, 0, 0, 0, 0, 0, 0, 0, 0, 0, 0, 0, 0, 0, 0, 0, 0, 0, 0, 0, 0, 0, 0, 0, 0, 0, 0, 0, 0, 0, 0, 0, 0, 0, 0, 0, 0, 0, 0, 0, 0, 0, 0, 0, 0, 0, 0, 0, 0, 0, 0, 0, 0, 0, 0, 0, 0, 0, 0, 0, 0, 0, 0, 0, 0, 0, 0, 0, 0, 0, 0, 0, 0, 0, 0, 0, 0, 0, 0, 0, 0, 0, 0, 0, 0, 0, 0, 0, 0, 0, 0, 0, 0, 0, 0, 0, 0, 0, 0, 0, 0, 0, 0, 0, 0, 0, 0, 0, 0, 0, 0, 0, 0, 0, 0, 0, 0, 0, 0, 0, 0, 0, 0, 0, 0, 0, 0, 0, 0, 0, 0, 0, 0, 0, 0, 0, 0, 0, 0, 0, 0, 0, 0, 0, 0, 0, 0, 0, 0, 0, 0, 0, 0, 0, 0, 0, 0, 0, 0, 0, 0, 0, 0, 0, 0, 0, 0, 0, 0, 0, 0, 0, 0, 0, 0, 0]
 right: [178, 183, 3, 93, 168, 203, 200, 155, 222, 172, 155, 137, 80, 71, 121, 236, 152, 216, 106, 26, 190, 134, 168, 169, 74, 247, 168, 70, 102, 126, 108, 119, 192, 17, 155, 245, 169, 60, 63, 4, 211, 1, 20, 165, 36, 212, 40, 35, 9, 250, 202, 78, 32, 80, 237, 41, 161, 215, 57, 66, 105, 134, 211, 239, 101, 89, 5, 217, 58, 231, 71, 66, 39, 178, 20, 100, 93, 110, 206, 81, 203, 139, 70, 107, 235, 251, 241, 229, 136, 233, 3, 182, 81, 171, 244, 2, 23, 198, 244, 51, 11, 21, 42, 229, 41, 165, 251, 72, 126, 152, 229, 125, 183, 66, 33, 152, 126, 185, 196, 18, 89, 89, 179, 52, 88, 167, 118, 209, 255, 10, 82, 36, 115, 161, 18, 185, 178, 80, 204, 223, 101, 74, 245, 57, 76, 76, 3, 51, 137, 84, 142, 147, 116, 63, 209, 235, 165, 250, 102, 135, 119, 224, 150, 231, 26, 207, 194, 115, 61, 249, 38, 5, 123, 198, 96, 45, 175, 54, 108, 134, 98, 31, 208, 125, 201, 125, 47, 61, 117, 64, 107, 42, 186, 200, 124, 91, 66, 132, 144, 140, 249, 47, 239, 4, 99, 185, 212, 118, 188, 101, 210, 119, 25, 73, 249, 234, 56, 239, 95, 71, 174, 36, 221, 251, 9, 71, 8, 232, 216, 209, 68, 151, 66, 140, 23, 235, 58, 253, 159, 232, 9, 121, 222, 123, 214, 192, 185, 166, 164, 102, 184, 178, 31, 212, 102, 47, 60, 31, 116, 190, 118, 176, 33, 101, 223, 113, 128, 227, 169, 81, 51, 242, 249, 76, 168, 5, 42, 89, 224, 232, 214, 115, 4, 255, 244, 130, 87, 188, 234, 74, 64, 144, 56, 72, 231, 0, 120, 227, 181, 182, 105, 3, 217, 26, 176, 101, 43, 219, 24, 19, 164, 127, 38, 2, 246, 189, 135, 191, 223, 170, 74, 90, 102, 189, 78, 204, 220, 162, 176, 199, 250, 144, 190, 126, 52, 188, 146, 116, 35, 216, 151, 95, 74, 101, 171, 78, 76, 8, 183, 201, 59, 167, 3, 196, 202, 239, 50, 218, 152, 159, 167, 124, 55, 155, 30, 136, 141, 233, 148, 134, 250, 139, 182, 231, 145, 254, 150, 160, 93, 50, 170, 42, 250, 116, 139, 143, 255, 187, 248, 155, 207, 170, 221, 200, 240, 59, 56, 163, 96, 192, 229, 153, 250, 79, 12, 54, 78, 6, 242, 230, 81, 205, 74, 204, 172, 156, 168, 250, 254, 129, 70, 112, 161, 222, 170, 170, 66, 171, 240, 194, 24, 247, 208, 105, 233, 72, 102, 61, 209, 19, 248, 64, 164, 255, 82, 212, 174, 24, 27, 226, 141, 73, 103, 195, 231, 179, 65, 78, 180, 128, 229, 209, 160, 128, 106, 64, 175, 129, 18, 146, 53, 215, 235, 27, 90, 76, 76, 49, 21, 171, 25, 35, 178, 25, 136, 227, 57, 9, 36, 177, 68, 4, 48, 35, 200, 189, 210, 125, 163, 115, 63, 89, 100, 22, 39, 101, 53, 106, 163, 244, 87, 188, 71, 54, 148, 21, 72, 245, 66, 112, 105, 140, 89, 229, 162, 112, 42, 103, 97, 6, 84, 77, 51, 58, 67, 95, 246, 149, 123, 105, 162, 59, 42, 196, 235, 54, 197, 183, 255, 152, 129, 75, 68, 140, 239, 58, 232, 14, 19, 147, 50, 171, 78, 128, 36, 70, 127, 175, 90, 38, 117, 131, 51, 236, 135, 218, 217, 129, 238, 197, 244, 7, 241, 179, 250, 140, 234, 210, 20, 1, 133, 55, 187, 124, 128, 8, 131, 162, 175, 66, 142, 133, 17, 91, 35, 100, 245, 186, 226, 150, 98, 11, 164, 84, 21, 184, 31, 115, 136, 247, 54, 140, 158, 99, 36, 154, 43, 188, 149, 6, 91, 191, 223, 241, 197, 52, 109, 212, 247, 53, 118, 248, 234, 126, 144, 179, 78, 159, 121, 25, 4, 125, 27, 187, 130, 116, 112, 215, 95, 207, 167, 96, 23, 235, 234, 53, 16, 39, 5, 162, 170, 0, 184, 254, 45, 109, 127, 8, 245, 190, 101, 37, 173, 49, 5, 176, 179, 33, 49, 246, 32, 4, 208, 214, 146, 94, 201, 175, 172, 108, 67, 125, 173, 21, 27, 215, 14, 202, 75, 254, 117, 175, 69, 141, 68, 71, 176, 254, 168, 208, 174, 174, 28, 251, 61, 116, 158, 239, 111, 31, 6, 55, 28, 7, 224, 130, 160, 163, 64, 247, 26, 62, 148, 62, 190, 92, 73, 163, 123, 101, 235, 46, 175, 150, 186, 71, 211, 129, 137, 208, 15, 183, 132, 62, 171, 182, 74, 202, 115, 230, 68, 133, 73, 187, 128, 18, 181, 54, 173, 160, 76, 153, 199, 6, 35, 85, 135, 5, 45, 243, 176, 49, 118, 10, 191, 251, 116, 128, 135, 5, 101, 169, 212, 106, 99, 18, 149, 214, 0, 67, 108, 142, 252, 26, 167, 30, 106, 111, 180, 52, 197, 132, 51, 32, 35, 104, 157, 4, 217, 10, 226, 108, 126, 17, 136, 20, 34, 91, 153, 19, 97, 189, 166, 237, 106, 92, 78, 108, 85, 109, 18, 70, 177, 112, 231, 182, 120, 210, 249, 161, 247, 29, 39, 147, 177, 237, 123, 92, 123, 49, 233, 78, 31, 24, 215, 54, 253, 157, 209, 15, 123, 56, 138, 198, 86, 28, 107, 86, 150, 34, 31, 73, 90, 126, 201, 191, 196, 244, 173, 138, 145, 248, 146, 177, 38, 134, 138, 108, 61, 84, 216, 147, 128, 17, 251, 160, 210, 239, 55, 240, 157, 121, 236, 88, 51, 55, 117, 242, 235, 7, 69, 89, 227, 234, 21, 49, 24, 142, 156, 163, 9, 126, 71, 88, 80, 59, 188, 107, 161, 32, 104, 200, 237, 84, 112, 119, 245, 170, 246, 5, 234, 65, 60, 6, 166, 88, 188, 209, 228, 225, 109, 78, 171, 31, 154, 137, 58, 226, 216, 35, 65, 60, 176, 62, 30, 97, 18, 45, 58, 128, 125, 119, 52, 204, 52, 134, 29, 11, 122, 35, 238, 207, 222, 248, 101, 1, 51, 193, 196, 25, 58, 90, 88, 244, 49, 187, 147, 16, 208, 73, 107, 58, 19, 52]
note: run with `RUST_BACKTRACE=1` environment variable to display a backtrace
